ID,User_ID,Bot_Strategy,Accuracy
0,210,132,0.8092
1,210,132,0.6433
2,210,132,0.8972
3,210,132,0.9571
4,210,132,0.7119
5,210,132,0.8329
6,210,132,0.6790
7,210,132,0.9266
8,210,132,0.4709
9,210,132,0.3687
967,211,132,0.8117
1411,212,132,0.8993
1412,212,132,0.8536
1413,212,132,0.9690
1414,212,132,0.9794
1415,212,132,0.5241
1416,212,132,0.9576
1417,212,132,0.8787
1418,212,132,0.9473
1419,212,132,0.7153
1420,212,132,0.9608
1641,213,132,0.7847
1642,213,132,0.9721
1643,213,132,0.0302
1644,213,132,0.8377
1645,213,132,0.2880
1646,213,132,0.8510
1647,213,132,0.7441
1648,213,132,0.8120
1649,213,132,0.8186
1650,213,132,0.7231
10,210,132,0.8807
11,210,132,0.8906
12,210,132,0.1768
13,210,132,0.4804
14,210,132,0.3147
15,210,132,0.8031
16,210,132,0.9283
17,210,132,0.6217
18,210,132,0.8911
19,210,132,0.9392
968,211,132,0.9155
969,211,132,0.9593
970,211,132,0.9695
971,211,132,0.5033
972,211,132,0.1942
973,211,132,0.9395
974,211,132,0.8264
975,211,132,0.4840
976,211,132,0.5970
977,211,132,0.8986
1421,212,132,0.9543
1422,212,132,0.7551
1423,212,132,0.2366
1424,212,132,0.9092
1651,213,132,0.9183
20,210,132,0.9330
21,210,132,0.8315
22,210,132,0.0643
23,210,132,0.2020
978,211,132,0.8754
979,211,132,0.4368
980,211,132,0.9563
981,211,132,0.6672
982,211,132,0.2813
983,211,132,0.9595
984,211,132,0.9744
985,211,132,0.5883
986,211,132,0.4261
987,211,132,0.9519
1425,212,132,0.8009
1426,212,132,0.8839
1427,212,132,0.9698
1428,212,132,0.8655
1429,212,132,0.9043
1430,212,132,0.9368
1431,212,132,0.7364
1432,212,132,0.9263
1433,212,132,0.0345
1434,212,132,0.9207
1652,213,132,0.9405
24,210,132,0.9139
25,210,132,0.9749
26,210,132,0.9489
27,210,132,0.9176
28,210,132,0.9759
29,210,132,0.9764
30,210,132,0.8883
31,210,132,0.9749
32,210,132,0.7935
33,210,132,0.3687
988,211,132,0.9621
989,211,132,0.5422
990,211,132,0.9500
991,211,132,0.3633
992,211,132,0.7086
1435,212,132,0.8859
1436,212,132,0.9551
1437,212,132,0.9492
1438,212,132,0.9729
1439,212,132,0.6973
1440,212,132,0.7350
1441,212,132,0.9364
1442,212,132,0.5239
1443,212,132,0.5309
1444,212,132,0.8198
1653,213,132,0.5307
1654,213,132,0.9595
1655,213,132,0.1203
1656,213,132,0.9046
34,210,132,0.7132
35,210,132,0.7725
36,210,132,0.3989
37,210,132,0.9385
38,210,132,0.4492
39,210,132,0.3301
993,211,132,0.7570
994,211,132,0.8803
995,211,132,0.7831
996,211,132,0.1517
997,211,132,0.2403
1445,212,132,0.7890
1446,212,132,0.9043
1447,212,132,0.3622
1448,212,132,0.3200
1449,212,132,0.9247
1657,213,132,0.9109
1658,213,132,0.9261
1659,213,132,0.9716
1660,213,132,0.4145
1661,213,132,0.9531
1662,213,132,0.5232
1663,213,132,0.9437
1664,213,132,0.8653
1665,213,132,0.9385
1666,213,132,0.9229
40,210,132,0.9433
41,210,132,0.7815
42,210,132,0.9197
43,210,132,0.1976
998,211,132,0.8555
999,211,132,0.2237
1000,211,132,0.4864
1001,211,132,0.6696
1002,211,132,0.6554
1003,211,132,0.9076
1004,211,132,0.9693
1005,211,132,0.3749
1006,211,132,0.8628
1007,211,132,0.8020
1450,212,132,0.8804
1451,212,132,0.9658
1452,212,132,0.9763
1453,212,132,0.9663
1454,212,132,0.9476
1455,212,132,0.9772
1456,212,132,0.8702
1457,212,132,0.5209
1458,212,132,0.3564
1459,212,132,0.9421
1667,213,132,0.5301
1668,213,132,0.9271
1669,213,132,0.5072
1670,213,132,0.9621
1671,213,132,0.1763
1672,213,132,0.9305
1673,213,132,0.9754
1674,213,132,0.9774
1675,213,132,0.5870
1676,213,132,0.5093
44,210,132,0.9215
45,210,132,0.9567
46,210,132,0.9035
47,210,132,0.8841
48,210,132,0.9199
49,210,132,0.9417
50,210,132,0.8641
51,210,132,0.9435
52,210,132,0.9563
53,210,132,0.5385
1008,211,132,0.9315
1009,211,132,0.4309
1010,211,132,0.9532
1011,211,132,0.9673
1012,211,132,0.9333
1013,211,132,0.9765
1014,211,132,0.7511
1015,211,132,0.4354
1016,211,132,0.8673
1017,211,132,0.8524
1460,212,23,0.8290
1461,212,23,0.9394
1462,212,23,0.7920
1463,212,23,0.9571
1464,212,23,0.9787
1465,212,23,0.6373
1466,212,23,0.8482
1467,212,23,0.9626
1468,212,23,0.9792
1469,212,23,0.5427
1677,213,23,0.4389
1678,213,23,0.4717
1679,213,23,0.9185
1680,213,23,0.4185
1681,213,23,0.4534
1682,213,23,0.5105
1683,213,23,0.3880
1684,213,23,0.4773
1685,213,23,0.7276
1686,213,23,0.5919
54,210,23,0.8968
55,210,23,0.7673
56,210,23,0.4859
57,210,23,0.5035
58,210,23,0.6772
59,210,23,0.8261
60,210,23,0.8570
61,210,23,0.6635
62,210,23,0.8533
63,210,23,0.8034
1018,211,132,0.9397
1019,211,132,0.1803
1020,211,132,0.5390
1470,212,23,0.9116
1471,212,23,0.9719
1472,212,23,0.3792
1473,212,23,0.5389
1474,212,23,0.6665
1475,212,23,0.3880
1476,212,23,0.3695
1687,213,23,0.5701
1688,213,23,0.6201
1689,213,23,0.3693
1690,213,23,0.5001
1691,213,23,0.7268
1692,213,23,0.7124
1693,213,23,0.9440
1694,213,23,0.8516
1695,213,23,0.7066
1696,213,23,0.8700
64,210,23,0.8693
65,210,23,0.5792
66,210,23,0.9179
67,210,23,0.8634
1021,211,132,0.8621
1022,211,132,0.8359
1023,211,132,0.8573
1024,211,132,0.7458
1477,212,23,0.6759
1478,212,23,0.6596
1697,213,23,0.7572
1698,213,23,0.6919
68,210,23,0.7319
69,210,23,0.6836
70,210,23,0.6330
1025,211,132,0.8669
1026,211,132,0.8566
1027,211,132,0.1592
1028,211,132,0.8007
1029,211,132,0.0385
1479,212,23,0.9279
1480,212,23,0.9747
1481,212,23,0.9775
1482,212,23,0.9138
1483,212,23,0.6550
1484,212,23,0.4184
1485,212,23,0.9421
1486,212,23,0.9763
1487,212,23,0.8813
1488,212,23,0.9713
1699,213,23,0.9106
1700,213,23,0.7293
71,210,23,0.6729
72,210,23,0.6831
1030,211,132,0.4545
1031,211,132,0.8506
1032,211,132,0.8713
1033,211,132,0.7257
1034,211,132,0.7647
1035,211,132,0.6269
1036,211,132,0.4405
1037,211,132,0.9419
1038,211,132,0.9043
1039,211,132,0.9670
1489,212,107,0.5805
1490,212,107,0.5630
1491,212,107,0.9503
1492,212,107,0.9524
1493,212,107,0.9448
1494,212,107,0.9764
1495,212,107,0.2997
1496,212,107,0.8383
1497,212,107,0.8941
1701,213,23,0.8180
1702,213,23,0.7371
73,210,23,0.8961
74,210,23,0.4455
75,210,23,0.5910
1040,211,132,0.4176
1041,211,132,0.9433
1042,211,132,0.7183
1043,211,132,0.3170
1044,211,132,0.4315
1498,212,43,0.9452
1499,212,43,0.4982
1500,212,43,0.6385
1501,212,43,0.9410
1502,212,43,0.8963
1503,212,43,0.3606
1504,212,43,0.4717
1505,212,43,0.7445
1506,212,43,0.4735
1703,213,23,0.5247
1704,213,23,0.7275
76,210,23,0.9222
77,210,23,0.6165
78,210,23,0.9600
79,210,23,0.9777
80,210,23,0.9794
81,210,23,0.7996
82,210,23,0.5255
1045,211,132,0.7029
1046,211,132,0.9541
1047,211,132,0.9790
1048,211,132,0.9192
1049,211,132,0.5501
1050,211,132,0.3512
1507,212,43,0.8727
1508,212,43,0.9721
1509,212,43,0.9100
1510,212,43,0.6190
1705,213,23,0.9098
1706,213,23,0.0702
1707,213,23,0.9703
1708,213,23,0.2592
1709,213,23,0.9606
1710,213,23,0.9434
1711,213,23,0.9159
1712,213,23,0.6655
1713,213,23,0.0664
1714,213,23,0.8593
83,210,23,0.9215
84,210,23,0.9749
85,210,23,0.6400
1051,211,132,0.9275
1052,211,132,0.8867
1053,211,132,0.5413
1054,211,132,0.6286
1511,212,43,0.9180
1512,212,43,0.9694
1513,212,43,0.9258
1514,212,43,0.8036
1515,212,43,0.6923
1516,212,43,0.7457
1517,212,43,0.1086
1518,212,43,0.8472
1519,212,43,0.9018
1520,212,43,0.9472
1715,213,23,0.8803
1716,213,23,0.9709
1717,213,23,0.6422
1718,213,23,0.6037
86,210,23,0.9273
87,210,23,0.9751
88,210,23,0.6025
1055,211,132,0.8940
1056,211,132,0.5418
1057,211,132,0.2666
1521,212,43,0.8794
1522,212,43,0.9614
1523,212,43,0.9747
1524,212,43,0.6780
1525,212,43,0.9528
1526,212,43,0.4984
1527,212,43,0.6015
1528,212,43,0.9147
1719,213,23,0.9167
1720,213,23,0.9649
1721,213,23,0.5923
1722,213,23,0.5038
89,210,23,0.9099
90,210,23,0.8354
1058,211,132,0.8443
1059,211,132,0.9560
1060,211,132,0.9001
1061,211,132,0.0254
1062,211,132,0.8760
1529,212,43,0.7725
1530,212,43,0.3026
1531,212,43,0.4390
1723,213,23,0.8445
1724,213,23,0.9702
1725,213,23,0.8246
91,210,23,0.7368
92,210,23,0.9646
93,210,23,0.5824
1063,211,132,0.7718
1064,211,132,0.7247
1065,211,132,0.8412
1066,211,132,0.6419
1067,211,132,0.8424
1068,211,132,0.9675
1069,211,132,0.5854
1070,211,132,0.9037
1071,211,132,0.9734
1072,211,132,0.9605
1532,212,43,0.9033
1533,212,43,0.7289
1534,212,43,0.4535
1535,212,43,0.8534
1536,212,43,0.3082
1537,212,43,0.9613
1538,212,43,0.8125
1539,212,43,0.9046
1540,212,43,0.9329
1726,213,23,0.9255
1727,213,23,0.1155
1728,213,23,0.4104
94,210,23,0.6877
95,210,23,0.6396
96,210,23,0.5785
1073,211,132,0.2569
1074,211,132,0.6010
1541,212,17,0.9144
1542,212,17,0.6479
1729,213,23,0.4058
1730,213,23,0.0540
1731,213,23,0.6435
97,210,23,0.8323
98,210,23,0.9682
99,210,23,0.9671
100,210,23,0.9801
101,210,23,0.8523
102,210,23,0.5921
103,210,23,0.8765
104,210,23,0.3993
105,210,23,0.8875
106,210,23,0.9585
1075,211,132,0.6714
1076,211,132,0.9549
1077,211,132,0.9648
1078,211,132,0.6816
1079,211,132,0.9503
1080,211,132,0.0560
1081,211,132,0.4752
1543,212,17,0.5635
1544,212,17,0.7160
1732,213,23,0.9127
1733,213,23,0.9734
1734,213,23,0.9699
1735,213,23,0.3312
107,210,23,0.9176
108,210,23,0.7384
1082,211,132,0.9207
1083,211,132,0.9760
1084,211,132,0.5762
1085,211,132,0.8135
1086,211,132,0.9476
1087,211,132,0.9569
1088,211,132,0.8763
1089,211,132,0.0598
1090,211,132,0.9240
1545,212,17,0.8463
1546,212,17,0.5895
1547,212,17,0.7245
1736,213,23,0.1257
1737,213,23,0.6046
109,210,23,0.7662
110,210,23,0.6799
111,210,23,0.1941
112,210,23,0.3449
113,210,23,0.1930
114,210,23,0.6641
115,210,23,0.7258
116,210,23,0.1856
117,210,23,0.4598
118,210,23,0.2640
1091,211,132,0.8216
1092,211,132,0.9444
1093,211,132,0.8403
1094,211,132,0.9444
1095,211,132,0.7969
1096,211,132,0.7943
1548,212,17,0.7209
1549,212,17,0.9270
1550,212,17,0.3364
1738,213,23,0.6114
1739,213,23,0.9243
1740,213,23,0.9304
1741,213,23,0.9726
1742,213,23,0.5579
119,210,23,0.9006
120,210,23,0.9664
121,210,23,0.6247
1097,211,132,0.9065
1098,211,132,0.9537
1099,211,132,0.6309
1100,211,132,0.8932
1101,211,132,0.9012
1102,211,132,0.9556
1103,211,132,0.9408
1104,211,132,0.8016
1105,211,132,0.9559
1106,211,132,0.6453
1551,212,17,0.5897
1552,212,17,0.9570
1553,212,17,0.4239
1554,212,17,0.5690
1555,212,17,0.6183
1556,212,17,0.9571
1557,212,17,0.5987
1558,212,17,0.9583
1559,212,17,0.5697
1560,212,17,0.2594
1743,213,23,0.9015
1744,213,23,0.8972
122,210,23,0.6184
123,210,23,0.6524
124,210,23,0.7776
125,210,23,0.8011
126,210,23,0.8532
127,210,23,0.8042
128,210,23,0.8638
129,210,23,0.8040
130,210,23,0.8654
131,210,23,0.8077
1107,211,132,0.9319
1108,211,132,0.9258
1109,211,132,0.4345
1110,211,132,0.7560
1111,211,132,0.3324
1112,211,132,0.7450
1113,211,132,0.7778
1561,212,17,0.6557
1562,212,17,0.7685
1745,213,23,0.6873
1746,213,23,0.9131
1747,213,23,0.4899
1748,213,23,0.2088
132,210,23,0.8299
133,210,23,0.7574
134,210,23,0.9630
135,210,23,0.6197
136,210,23,0.8601
137,210,23,0.7763
138,210,23,0.8426
139,210,23,0.9686
140,210,23,0.8804
141,210,23,0.2894
1114,211,132,0.5157
1115,211,132,0.6139
1563,212,17,0.3594
1564,212,17,0.5252
1749,213,23,0.5646
1750,213,23,0.0885
1751,213,23,0.6512
1752,213,23,0.1895
1753,213,23,0.8548
1754,213,23,0.5129
1755,213,23,0.9472
1756,213,23,0.8263
1757,213,23,0.5205
142,210,23,0.6949
143,210,23,0.8377
144,210,23,0.5932
145,210,23,0.8878
1116,211,132,0.8364
1117,211,132,0.4001
1118,211,132,0.8846
1119,211,132,0.4140
1120,211,132,0.5677
1121,211,132,0.0830
1565,212,17,0.8263
1566,212,17,0.6107
1567,212,17,0.9583
1568,212,17,0.6577
1569,212,17,0.6777
1570,212,17,0.5497
1571,212,17,0.9544
1572,212,17,0.4300
1573,212,17,0.0865
1758,213,107,0.7851
1759,213,107,0.9167
1760,213,107,0.6907
1761,213,107,0.5753
1762,213,107,0.8801
1763,213,107,0.5795
1764,213,107,0.4187
1765,213,107,0.1413
1766,213,107,0.7611
1767,213,107,0.8647
146,210,23,0.3254
147,210,23,0.9402
148,210,23,0.8709
149,210,23,0.7372
150,210,23,0.5328
151,210,23,0.7896
152,210,23,0.5219
153,210,23,0.5155
154,210,23,0.2845
155,210,23,0.9446
1122,211,132,0.9293
1123,211,132,0.9402
1124,211,132,0.9732
1125,211,132,0.7744
1126,211,132,0.8853
1127,211,132,0.9312
1128,211,132,0.9362
1129,211,132,0.9463
1130,211,132,0.9669
1131,211,132,0.4298
1574,212,17,0.5402
1575,212,17,0.4651
1768,213,107,0.7504
1769,213,107,0.9563
1770,213,107,0.7557
1771,213,107,0.8182
1772,213,107,0.9455
1773,213,107,0.8713
1774,213,107,0.9527
1775,213,107,0.7863
1776,213,107,0.5157
156,210,23,0.6899
157,210,23,0.5407
1132,211,132,0.9249
1133,211,132,0.3928
1134,211,132,0.3827
1576,212,17,0.9124
1577,212,17,0.5648
1578,212,17,0.9329
1579,212,17,0.0577
1777,213,43,0.9064
1778,213,43,0.3535
1779,213,43,0.7439
1780,213,43,0.4999
1781,213,43,0.5220
1782,213,43,0.5448
1783,213,43,0.7995
158,210,23,0.6997
159,210,23,0.9200
160,210,23,0.9450
161,210,23,0.9768
162,210,23,0.9165
1135,211,132,0.7696
1136,211,132,0.7341
1580,212,17,0.7431
1581,212,17,0.9601
1582,212,17,0.9659
1583,212,17,0.5422
1584,212,17,0.5031
1585,212,17,0.6942
1586,212,17,0.9007
1587,212,17,0.9714
1588,212,17,0.6335
1784,213,43,0.8518
1785,213,43,0.9278
1786,213,43,0.6003
1787,213,43,0.3770
163,210,23,0.9160
164,210,23,0.9744
165,210,23,0.5601
1137,211,132,0.8183
1138,211,132,0.8547
1139,211,132,0.6336
1140,211,132,0.9212
1141,211,132,0.9274
1142,211,132,0.9185
1143,211,132,0.9018
1144,211,132,0.8868
1589,212,17,0.9124
1590,212,17,0.6529
1788,213,43,0.8087
1789,213,43,0.9205
1790,213,43,0.7016
1791,213,43,0.6776
1792,213,43,0.4270
166,210,23,0.7789
167,210,23,0.5201
168,210,23,0.9363
169,210,23,0.0818
170,210,23,0.7718
171,210,23,0.4161
172,210,23,0.9157
173,210,23,0.9678
174,210,23,0.9402
175,210,23,0.8579
1145,211,132,0.5295
1146,211,132,0.8410
1147,211,132,0.8066
1148,211,132,0.6310
1149,211,132,0.2750
1150,211,132,0.8032
1591,212,17,0.7798
1592,212,17,0.9447
1593,212,17,0.9682
1594,212,17,0.1850
1793,213,43,0.9071
1794,213,43,0.7218
1795,213,43,0.6945
1796,213,43,0.5553
1797,213,43,0.8646
1798,213,43,0.9075
1799,213,43,0.9168
1800,213,43,0.9747
1801,213,43,0.9698
176,210,23,0.4645
177,210,23,0.4897
178,210,23,0.2305
179,210,23,0.7297
180,210,23,0.5531
1151,211,132,0.3407
1595,212,17,0.8746
1596,212,17,0.9698
1597,212,17,0.7042
1802,213,17,0.7187
1803,213,17,0.4884
181,210,23,0.3574
182,210,23,0.6301
1152,211,132,0.9298
1153,211,132,0.4806
1154,211,132,0.9381
1155,211,132,0.9454
1156,211,132,0.9569
1157,211,132,0.9395
1158,211,132,0.9733
1159,211,132,0.2703
1160,211,132,0.9593
1161,211,132,0.9406
1598,212,17,0.5440
1599,212,17,0.6340
1804,213,17,0.9236
1805,213,17,0.9734
1806,213,17,0.5674
183,210,23,0.8928
184,210,23,0.9634
185,210,23,0.0284
186,210,23,0.5860
1162,211,23,0.8050
1163,211,23,0.0309
1164,211,23,0.7766
1165,211,23,0.9454
1166,211,23,0.8600
1167,211,23,0.6259
1168,211,23,0.8055
1169,211,23,0.9688
1170,211,23,0.9407
1171,211,23,0.9812
1600,212,17,0.6130
1601,212,17,0.8333
1602,212,17,0.9360
1603,212,17,0.8684
1604,212,17,0.3769
1605,212,17,0.8304
1606,212,17,0.9671
1607,212,17,0.9769
1608,212,17,0.8653
1609,212,17,0.7088
1807,213,17,0.9016
1808,213,17,0.9737
1809,213,17,0.6410
1810,213,17,0.3429
187,210,23,0.2629
1172,211,23,0.4606
1173,211,23,0.8551
1174,211,23,0.1838
1175,211,23,0.8250
1176,211,23,0.9102
1177,211,23,0.9719
1178,211,23,0.0152
1179,211,23,0.2189
1180,211,23,0.7199
1181,211,23,0.3433
1610,212,93,0.9314
1611,212,93,0.8716
1612,212,93,0.8696
1613,212,93,0.8356
1614,212,93,0.0529
1615,212,93,0.8067
1616,212,93,0.3779
1617,212,93,0.5839
1811,213,17,0.9209
1812,213,17,0.6421
188,210,23,0.9144
189,210,23,0.5952
1182,211,23,0.8953
1183,211,23,0.8128
1184,211,23,0.6613
1185,211,23,0.8454
1186,211,23,0.1730
1187,211,23,0.8470
1188,211,23,0.8719
1189,211,23,0.1944
1190,211,23,0.3928
1191,211,23,0.7486
1618,212,93,0.7387
1619,212,93,0.7722
1813,213,17,0.5137
1814,213,17,0.5491
190,210,23,0.3978
191,210,23,0.7906
192,210,23,0.8120
193,210,23,0.0622
194,210,23,0.2361
1192,211,23,0.7139
1193,211,23,0.5383
1194,211,23,0.8132
1195,211,23,0.6751
1196,211,23,0.7903
1197,211,23,0.5027
1198,211,23,0.9316
1199,211,23,0.5737
1200,211,23,0.6315
1201,211,23,0.9161
1620,212,93,0.4223
1621,212,93,0.9297
1622,212,93,0.1454
1623,212,93,0.8565
1815,213,17,0.9260
1816,213,17,0.5843
1817,213,17,0.5006
1818,213,17,0.7173
195,210,23,0.9014
196,210,23,0.7089
1202,211,23,0.8997
1203,211,23,0.7499
1624,212,93,0.6741
1625,212,93,0.8120
1819,213,17,0.9188
1820,213,17,0.5981
197,210,23,0.8833
198,210,23,0.7599
1204,211,23,0.7375
1205,211,23,0.9522
1206,211,23,0.9691
1207,211,23,0.9804
1208,211,23,0.9815
1209,211,23,0.2588
1210,211,23,0.3974
1211,211,23,0.8903
1212,211,23,0.8954
1213,211,23,0.9702
1626,212,107,0.0956
1821,213,17,0.7022
1822,213,17,0.6475
199,210,23,0.1589
200,210,23,0.5816
1214,211,23,0.8819
1215,211,23,0.6826
1216,211,23,0.9235
1627,212,93,0.7618
1628,212,93,0.6109
1823,213,17,0.7799
1824,213,17,0.5960
1825,213,17,0.8651
201,210,23,0.9287
202,210,23,0.9661
203,210,23,0.6565
204,210,23,0.8274
205,210,23,0.9699
206,210,23,0.9798
207,210,23,0.3147
208,210,23,0.6806
209,210,23,0.2547
210,210,23,0.0707
1217,211,23,0.9170
1218,211,23,0.3971
1219,211,23,0.8266
1220,211,23,0.9349
1221,211,23,0.5477
1222,211,23,0.9264
1223,211,23,0.9694
1224,211,23,0.9768
1225,211,23,0.9836
1226,211,23,0.9867
1629,212,93,0.6721
1630,212,93,0.2425
1631,212,93,0.4326
1826,213,17,0.7456
1827,213,17,0.6103
211,210,23,0.7540
212,210,23,0.6015
1227,211,23,0.5956
1228,211,23,0.6514
1229,211,23,0.7292
1230,211,23,0.6125
1231,211,23,0.6105
1232,211,23,0.9133
1233,211,23,0.9584
1234,211,23,0.9576
1235,211,23,0.9651
1236,211,23,0.9792
1632,212,93,0.5093
1633,212,93,0.9515
1634,212,93,0.9720
1635,212,93,0.9779
1636,212,93,0.9404
1637,212,93,0.9093
1638,212,93,0.9541
1639,212,93,0.4355
1640,212,93,0.9530
1828,213,17,0.7268
1829,213,17,0.9204
1830,213,17,0.2209
1831,213,17,0.6829
1832,213,17,0.9371
1833,213,17,0.5797
1834,213,17,0.9416
1835,213,17,0.5630
1836,213,17,0.9587
213,210,23,0.9082
214,210,23,0.5846
215,210,23,0.9527
216,210,23,0.9770
217,210,23,0.5850
1237,211,107,0.8269
1238,211,107,0.9435
1239,211,107,0.8797
1240,211,107,0.4674
1241,211,107,0.9481
1242,211,107,0.0282
1243,211,107,0.4910
1244,211,107,0.8102
1245,211,107,0.9630
1246,211,107,0.3500
1837,213,93,0.3425
1838,213,93,0.8931
1839,213,93,0.9249
1840,213,93,0.9744
1841,213,93,0.9660
1842,213,93,0.9412
1843,213,93,0.8938
1844,213,93,0.1405
1845,213,93,0.8453
1846,213,93,0.9294
1888,214,132,0.3057
1889,214,132,0.9038
1890,214,132,0.2296
1891,214,132,0.6705
1892,214,132,0.0438
1893,214,132,0.8822
1894,214,132,0.9212
1895,214,132,0.5651
1896,214,132,0.5150
1897,214,132,0.6610
218,210,23,0.6591
219,210,23,0.4951
220,210,23,0.9008
221,210,23,0.8230
222,210,23,0.1863
1247,211,107,0.9230
1248,211,107,0.8372
1249,211,107,0.9632
1250,211,107,0.9449
1251,211,107,0.2368
1252,211,107,0.8447
1253,211,107,0.5533
1254,211,107,0.7695
1255,211,107,0.8787
1256,211,107,0.8847
1847,213,93,0.4833
1848,213,93,0.6835
1898,214,132,0.4221
1899,214,132,0.3949
1900,214,132,0.9185
1901,214,132,0.9197
1902,214,132,0.9052
1903,214,132,0.9700
1904,214,132,0.9330
1905,214,132,0.9742
1906,214,132,0.9806
1907,214,132,0.6612
223,210,23,0.7739
224,210,23,0.9301
225,210,23,0.8872
226,210,23,0.5233
227,210,23,0.7843
228,210,23,0.5232
229,210,23,0.7667
1257,211,107,0.7868
1258,211,107,0.9519
1259,211,107,0.9431
1260,211,107,0.9734
1261,211,107,0.9057
1262,211,107,0.9507
1263,211,107,0.5382
1264,211,107,0.9586
1265,211,107,0.9785
1849,213,93,0.7938
1850,213,93,0.4527
1851,213,93,0.9521
1852,213,93,0.9392
1853,213,93,0.9208
1908,214,132,0.9088
1909,214,132,0.8552
1910,214,132,0.4992
1911,214,132,0.9561
1912,214,132,0.8623
1913,214,132,0.9448
1914,214,132,0.1097
1915,214,132,0.4420
1916,214,132,0.9437
1917,214,132,0.9680
230,210,23,0.9184
231,210,23,0.4776
232,210,23,0.9243
233,210,23,0.8186
234,210,23,0.9081
235,210,23,0.8775
236,210,23,0.1886
1266,211,107,0.0703
1854,213,93,0.7861
1855,213,93,0.6798
1918,214,132,0.8563
1919,214,132,0.9567
1920,214,132,0.9194
1921,214,132,0.9764
1922,214,132,0.4864
1923,214,132,0.9266
1924,214,132,0.9648
1925,214,132,0.9382
1926,214,132,0.9380
1927,214,132,0.9772
237,210,23,0.1249
238,210,23,0.5921
1267,211,43,0.8605
1268,211,43,0.9555
1269,211,43,0.8797
1270,211,43,0.2597
1271,211,43,0.9103
1272,211,43,0.4466
1273,211,43,0.2245
1274,211,43,0.8119
1275,211,43,0.8727
1276,211,43,0.9642
1856,213,93,0.6553
1857,213,93,0.0666
1858,213,93,0.9452
1859,213,93,0.5585
1860,213,93,0.9526
1861,213,93,0.5289
1862,213,93,0.9623
1863,213,93,0.9436
1864,213,93,0.0819
1928,214,132,0.9509
1929,214,132,0.3552
1930,214,132,0.6441
1931,214,132,0.6559
1932,214,132,0.6519
1933,214,132,0.9269
1934,214,132,0.6094
1935,214,132,0.8568
1936,214,132,0.9610
1937,214,132,0.4240
239,210,23,0.7426
240,210,23,0.9384
241,210,23,0.0331
242,210,23,0.5768
243,210,23,0.9097
244,210,23,0.9470
245,210,23,0.9353
246,210,23,0.6164
247,210,23,0.9317
248,210,23,0.9453
1277,211,43,0.6868
1278,211,43,0.6551
1279,211,43,0.6915
1865,213,93,0.9087
1866,213,93,0.9736
1867,213,93,0.9334
1868,213,93,0.3212
1869,213,93,0.5154
1870,213,93,0.3708
1938,214,132,0.9110
1939,214,132,0.8916
1940,214,132,0.9387
1941,214,132,0.8965
1942,214,132,0.4375
1943,214,132,0.9450
1944,214,132,0.4532
1945,214,132,0.8769
1946,214,132,0.8663
1947,214,132,0.9578
249,210,23,0.5937
250,210,23,0.5777
1280,211,43,0.0719
1281,211,43,0.7348
1871,213,93,0.4847
1872,213,93,0.9498
1873,213,93,0.5736
1874,213,93,0.1225
1948,214,23,0.6107
1949,214,23,0.5169
1950,214,23,0.6825
1951,214,23,0.6108
1952,214,23,0.9511
1953,214,23,0.4359
1954,214,23,0.3399
1955,214,23,0.4959
1956,214,23,0.9060
1957,214,23,0.9634
251,210,23,0.8742
252,210,23,0.6870
253,210,23,0.8875
1282,211,43,0.7009
1283,211,43,0.0627
1284,211,43,0.8966
1285,211,43,0.5021
1286,211,43,0.8326
1287,211,43,0.8800
1288,211,43,0.8487
1289,211,43,0.7896
1290,211,43,0.2685
1291,211,43,0.1906
1875,213,93,0.7780
1876,213,93,0.5453
1958,214,23,0.8972
1959,214,23,0.6605
1960,214,23,0.3860
1961,214,23,0.6314
1962,214,23,0.3030
1963,214,23,0.8400
1964,214,23,0.4973
1965,214,23,0.8327
1966,214,23,0.9306
1967,214,23,0.0260
254,210,23,0.6205
255,210,23,0.5598
1292,211,43,0.8138
1293,211,43,0.8016
1294,211,43,0.9601
1295,211,43,0.3082
1296,211,43,0.7454
1297,211,43,0.7139
1298,211,43,0.8344
1299,211,43,0.9680
1300,211,43,0.5050
1301,211,43,0.6259
1877,213,93,0.1717
1878,213,93,0.5643
1968,214,23,0.9203
1969,214,23,0.6185
1970,214,23,0.5485
1971,214,23,0.1274
1972,214,23,0.8565
1973,214,23,0.7067
1974,214,23,0.2971
1975,214,23,0.2246
1976,214,23,0.4508
1977,214,23,0.2177
256,210,23,0.9079
257,210,23,0.6407
1302,211,43,0.6589
1303,211,43,0.3776
1304,211,43,0.9078
1305,211,43,0.9371
1306,211,43,0.9415
1307,211,43,0.4370
1308,211,43,0.7400
1309,211,43,0.7993
1310,211,43,0.8310
1311,211,43,0.8876
1879,213,93,0.9228
1880,213,93,0.9114
1881,213,93,0.9752
1882,213,93,0.9437
1883,213,93,0.9781
1884,213,93,0.9739
1885,213,93,0.9798
1886,213,93,0.9816
1887,213,93,0.9811
1978,214,23,0.8680
1979,214,23,0.9547
1980,214,23,0.5642
1981,214,23,0.8350
1982,214,23,0.5373
1983,214,23,0.7443
1984,214,23,0.8572
1985,214,23,0.9572
1986,214,23,0.9828
1987,214,23,0.9882
258,210,23,0.5364
259,210,23,0.5695
260,210,23,0.2536
1312,211,43,0.7895
1313,211,43,0.9297
1314,211,43,0.6169
1315,211,43,0.9224
1316,211,43,0.9336
1317,211,43,0.9503
1318,211,43,0.4119
1319,211,43,0.4425
1320,211,43,0.0630
1321,211,43,0.1737
1988,214,23,0.9151
1989,214,23,0.6137
1990,214,23,0.0999
1991,214,23,0.2998
1992,214,23,0.2822
1993,214,23,0.7023
1994,214,23,0.5845
1995,214,23,0.7231
1996,214,23,0.4587
1997,214,23,0.7509
2506,215,132,0.7252
261,210,23,0.2156
262,210,23,0.2154
263,210,23,0.6524
1322,211,43,0.4814
1323,211,43,0.0549
1324,211,43,0.5396
1325,211,43,0.8766
1326,211,43,0.9384
1327,211,43,0.9572
1328,211,43,0.9744
1329,211,43,0.9780
1330,211,43,0.9826
1331,211,43,0.9854
1998,214,23,0.5201
1999,214,23,0.4044
2000,214,23,0.7621
2001,214,23,0.9352
2002,214,23,0.9738
2003,214,23,0.9837
2004,214,23,0.9864
2005,214,23,0.9864
2006,214,23,0.9881
2007,214,23,0.9882
2507,215,132,0.4515
2508,215,132,0.7642
2509,215,132,0.9365
2510,215,132,0.9743
2511,215,132,0.9788
2512,215,132,0.9809
2513,215,132,0.8527
2514,215,132,0.9184
2515,215,132,0.9183
2516,215,132,0.9530
264,210,23,0.6754
265,210,23,0.7594
266,210,23,0.7914
267,210,23,0.9409
268,210,23,0.7463
269,210,23,0.5322
270,210,23,0.8045
271,210,23,0.6683
1332,211,43,0.4153
1333,211,43,0.7402
1334,211,43,0.2553
1335,211,43,0.8621
1336,211,43,0.8978
1337,211,43,0.9505
1338,211,43,0.9723
1339,211,43,0.9800
1340,211,43,0.9872
1341,211,43,0.9871
2008,214,23,0.2423
2009,214,23,0.5568
2010,214,23,0.6267
2011,214,23,0.9047
2012,214,23,0.9675
2013,214,23,0.9877
2014,214,23,0.9912
2015,214,23,0.9936
2016,214,23,0.9948
2017,214,23,0.9944
2517,215,132,0.9198
2518,215,132,0.9681
2519,215,132,0.1498
2520,215,132,0.8101
272,210,23,0.5782
273,210,23,0.9390
274,210,23,0.9301
275,210,23,0.2119
1342,211,43,0.8973
1343,211,43,0.9599
1344,211,43,0.9795
1345,211,43,0.9558
1346,211,43,0.3173
1347,211,43,0.9531
1348,211,43,0.7930
1349,211,43,0.9536
1350,211,43,0.9509
1351,211,43,0.8284
2018,214,23,0.1286
2019,214,23,0.7334
2020,214,23,0.9308
2021,214,23,0.9775
2022,214,23,0.9871
2023,214,23,0.9889
2024,214,23,0.9921
2025,214,23,0.9936
2026,214,23,0.9941
2027,214,23,0.9946
2521,215,132,0.4038
2522,215,132,0.9316
2523,215,132,0.7382
2524,215,132,0.7503
2525,215,132,0.9287
2526,215,132,0.9485
2527,215,132,0.9708
2528,215,132,0.7660
2529,215,132,0.9693
2530,215,132,0.9751
276,210,23,0.7561
277,210,23,0.7177
1352,211,17,0.7171
1353,211,17,0.5045
1354,211,17,0.9266
1355,211,17,0.0588
1356,211,17,0.8191
1357,211,17,0.9504
1358,211,17,0.8287
1359,211,17,0.6929
1360,211,17,0.9498
1361,211,17,0.8397
2028,214,23,0.1139
2029,214,23,0.6194
2030,214,23,0.8756
2031,214,23,0.9431
2032,214,23,0.9853
2033,214,23,0.9898
2034,214,23,0.9927
2035,214,23,0.9936
2036,214,23,0.9937
2037,214,23,0.9951
2531,215,23,0.8707
2532,215,23,0.6379
2533,215,23,0.2784
278,210,23,0.9181
279,210,23,0.7325
280,210,23,0.5655
1362,211,17,0.9068
1363,211,17,0.5296
1364,211,17,0.9519
1365,211,17,0.9763
1366,211,17,0.9822
1367,211,17,0.9812
1368,211,17,0.9843
1369,211,17,0.9850
1370,211,17,0.9824
2038,214,23,0.2201
2039,214,23,0.7004
2040,214,23,0.9290
2041,214,23,0.9708
2042,214,23,0.8761
2043,214,23,0.9818
2044,214,23,0.9896
2045,214,23,0.9937
2046,214,23,0.9941
2047,214,23,0.9944
2534,215,23,0.8588
2535,215,23,0.7297
281,210,23,0.3044
282,210,23,0.6084
1371,211,93,0.4511
1372,211,93,0.1836
1373,211,93,0.5283
1374,211,93,0.8823
1375,211,93,0.9476
1376,211,93,0.9647
1377,211,93,0.9709
1378,211,93,0.9752
1379,211,93,0.9790
1380,211,93,0.9819
2048,214,23,0.5649
2049,214,23,0.2986
2050,214,23,0.7498
2051,214,23,0.8018
2052,214,23,0.8254
2053,214,23,0.8704
2054,214,23,0.9147
2055,214,23,0.9335
2056,214,23,0.9549
2057,214,23,0.9720
2536,215,23,0.6630
2537,215,23,0.5164
2538,215,23,0.5972
2539,215,23,0.8382
2540,215,23,0.8218
2541,215,23,0.8753
283,210,23,0.2200
284,210,23,0.5715
1381,211,93,0.9032
1382,211,93,0.6699
1383,211,93,0.8150
1384,211,93,0.9467
1385,211,93,0.9671
1386,211,93,0.9706
1387,211,93,0.9791
1388,211,93,0.9824
1389,211,93,0.9858
1390,211,93,0.9832
2058,214,23,0.8335
2059,214,23,0.9719
2060,214,23,0.7942
2061,214,23,0.5202
2062,214,23,0.9442
2063,214,23,0.3937
2064,214,23,0.5223
2065,214,23,0.8479
2066,214,23,0.5598
2067,214,23,0.7584
2542,215,23,0.9219
2543,215,23,0.9750
2544,215,23,0.9803
2545,215,23,0.9670
2546,215,23,0.9790
2547,215,23,0.8135
2548,215,23,0.9722
2549,215,23,0.6626
2550,215,23,0.6089
2551,215,23,0.9244
285,210,23,0.6856
286,210,23,0.9580
287,210,23,0.0226
288,210,23,0.9698
289,210,23,0.9718
290,210,23,0.9359
291,210,23,0.3256
292,210,23,0.8381
293,210,23,0.3142
1391,211,93,0.5742
1392,211,93,0.3503
1393,211,93,0.4879
1394,211,93,0.1972
1395,211,93,0.8818
1396,211,93,0.9377
1397,211,93,0.9560
1398,211,93,0.9648
1399,211,93,0.9762
1400,211,93,0.9701
2068,214,23,0.4605
2069,214,23,0.0882
2070,214,23,0.1712
2071,214,23,0.9255
2072,214,23,0.9758
2073,214,23,0.1426
2074,214,23,0.8894
2075,214,23,0.9731
2076,214,23,0.8862
2077,214,23,0.5467
2552,215,23,0.8923
2553,215,23,0.9210
2554,215,23,0.8422
2555,215,23,0.6982
294,210,23,0.4823
295,210,23,0.4773
1401,211,93,0.8805
1402,211,93,0.7531
1403,211,93,0.8999
1404,211,93,0.8999
1405,211,93,0.5871
1406,211,93,0.7173
1407,211,93,0.7298
1408,211,93,0.8930
1409,211,93,0.8256
1410,211,93,0.8984
2078,214,23,0.9437
2079,214,23,0.0282
2080,214,23,0.5738
2081,214,23,0.8900
2082,214,23,0.8327
2083,214,23,0.6115
2084,214,23,0.7808
2085,214,23,0.3944
2086,214,23,0.7430
2087,214,23,0.4576
2556,215,23,0.6070
2557,215,23,0.8448
2558,215,23,0.6064
296,210,23,0.7119
297,210,23,0.9417
298,210,23,0.3228
2088,214,23,0.5833
2089,214,23,0.9476
2090,214,23,0.1313
2091,214,23,0.9356
2092,214,23,0.3482
2093,214,23,0.6652
2094,214,23,0.9549
2095,214,23,0.7670
2096,214,23,0.5978
2097,214,23,0.5532
2559,215,23,0.4842
2560,215,23,0.5283
2805,216,132,0.8217
2806,216,132,0.1916
2807,216,132,0.9153
2808,216,132,0.9037
2809,216,132,0.9261
2810,216,132,0.2995
2811,216,132,0.6230
2812,216,132,0.8004
2813,216,132,0.9431
2814,216,132,0.7545
299,210,23,0.2742
300,210,23,0.8455
301,210,23,0.9674
302,210,23,0.9794
303,210,23,0.7436
304,210,23,0.9267
305,210,23,0.9444
306,210,23,0.8583
307,210,23,0.6259
308,210,23,0.2441
2098,214,23,0.6242
2099,214,23,0.1051
2100,214,23,0.7385
2101,214,23,0.8955
2102,214,23,0.9731
2103,214,23,0.4720
2104,214,23,0.3777
2105,214,23,0.8683
2106,214,23,0.4443
2107,214,23,0.9539
2561,215,23,0.9204
2562,215,23,0.6968
2563,215,23,0.5158
2564,215,23,0.7880
2565,215,23,0.3181
2566,215,23,0.9453
2567,215,23,0.3551
2568,215,23,0.6324
2569,215,23,0.3765
2570,215,23,0.2241
2815,216,132,0.9126
2816,216,132,0.1962
2817,216,132,0.6519
2818,216,132,0.9287
2819,216,132,0.9340
2820,216,132,0.9735
2821,216,132,0.9326
2822,216,132,0.8052
2823,216,132,0.9306
2824,216,132,0.9477
309,210,23,0.7291
310,210,23,0.5606
2108,214,23,0.8564
2109,214,23,0.5711
2110,214,23,0.7905
2111,214,23,0.9636
2112,214,23,0.0260
2113,214,23,0.9143
2114,214,23,0.3317
2115,214,23,0.8509
2116,214,23,0.5095
2117,214,23,0.2604
2571,215,23,0.5493
2572,215,23,0.7181
2573,215,23,0.6206
2825,216,132,0.9161
2826,216,132,0.9369
2827,216,132,0.9745
2828,216,132,0.2462
2829,216,132,0.8688
2830,216,132,0.7376
2831,216,132,0.6957
2832,216,132,0.6675
2833,216,132,0.9514
2834,216,132,0.1690
311,210,23,0.9254
312,210,23,0.2440
313,210,23,0.2507
2118,214,23,0.5611
2119,214,23,0.9517
2120,214,23,0.6532
2121,214,23,0.6464
2122,214,23,0.9483
2123,214,23,0.7522
2124,214,23,0.9361
2125,214,23,0.9430
2126,214,23,0.9778
2127,214,23,0.9842
2574,215,23,0.3622
2575,215,23,0.7259
2835,216,132,0.8267
2836,216,132,0.8493
2837,216,132,0.4660
2838,216,132,0.8995
314,210,23,0.5666
315,210,23,0.5531
316,210,23,0.5340
2128,214,23,0.7744
2129,214,23,0.4397
2130,214,23,0.8832
2131,214,23,0.7974
2132,214,23,0.9483
2133,214,23,0.1941
2134,214,23,0.1349
2135,214,23,0.2373
2136,214,23,0.6420
2137,214,23,0.9559
2576,215,23,0.6010
2577,215,23,0.7534
2839,216,132,0.8062
2840,216,132,0.9246
2841,216,132,0.0349
2842,216,132,0.5182
2843,216,132,0.9008
2844,216,132,0.9538
2845,216,132,0.9687
2846,216,132,0.9768
2847,216,132,0.9819
2848,216,132,0.9855
317,210,23,0.9189
318,210,23,0.9762
319,210,23,0.5341
2138,214,23,0.7164
2139,214,23,0.2878
2140,214,23,0.6077
2141,214,23,0.3374
2142,214,23,0.6330
2143,214,23,0.8974
2144,214,23,0.0305
2145,214,23,0.9719
2146,214,23,0.1191
2147,214,23,0.5301
2578,215,23,0.9231
2579,215,23,0.8933
2580,215,23,0.2309
2581,215,23,0.9471
2582,215,23,0.4995
2583,215,23,0.3293
2584,215,23,0.6331
2849,216,132,0.0551
2850,216,132,0.9162
320,210,23,0.5766
321,210,23,0.5171
2148,214,23,0.7521
2149,214,23,0.2453
2150,214,23,0.3382
2151,214,23,0.5454
2152,214,23,0.7398
2153,214,23,0.7988
2154,214,23,0.5908
2155,214,23,0.5492
2156,214,23,0.8785
2157,214,23,0.7671
2585,215,23,0.2178
2586,215,23,0.5746
2851,216,132,0.9118
2852,216,132,0.8593
2853,216,132,0.9706
2854,216,132,0.9803
2855,216,132,0.0811
2856,216,132,0.1396
322,210,23,0.1662
323,210,23,0.5782
2158,214,23,0.7268
2159,214,23,0.0378
2160,214,23,0.7875
2161,214,23,0.9670
2162,214,23,0.5992
2163,214,23,0.8417
2164,214,23,0.5316
2165,214,23,0.7213
2166,214,23,0.6936
2167,214,23,0.6173
2587,215,23,0.5708
2588,215,23,0.9566
2589,215,23,0.9319
2590,215,23,0.7242
2591,215,23,0.8288
2857,216,132,0.9105
2858,216,132,0.4390
2859,216,132,0.6801
2860,216,132,0.7096
2861,216,132,0.3748
2862,216,132,0.5871
2863,216,132,0.9443
2864,216,132,0.0950
2865,216,132,0.2387
2866,216,132,0.9562
324,210,23,0.9044
325,210,23,0.6020
326,210,23,0.4541
327,210,23,0.7135
328,210,23,0.9077
329,210,23,0.9449
330,210,23,0.8592
331,210,23,0.8900
332,210,23,0.5297
333,210,23,0.5147
2168,214,23,0.2562
2169,214,23,0.5640
2170,214,23,0.5179
2171,214,23,0.9033
2172,214,23,0.9574
2173,214,23,0.9801
2174,214,23,0.9876
2175,214,23,0.9938
2176,214,23,0.6551
2177,214,23,0.9835
2592,215,23,0.9076
2593,215,23,0.1928
2594,215,23,0.5041
2595,215,23,0.7936
2596,215,23,0.5064
2597,215,23,0.0623
2598,215,23,0.3605
2599,215,23,0.9030
2600,215,23,0.7906
2601,215,23,0.8301
2867,216,132,0.9189
2868,216,132,0.9748
2869,216,132,0.9700
2870,216,132,0.2132
2871,216,132,0.8395
334,210,23,0.8142
335,210,23,0.9621
336,210,23,0.4214
2178,214,23,0.5965
2179,214,23,0.9206
2180,214,23,0.8936
2181,214,23,0.7480
2182,214,23,0.9500
2183,214,23,0.1299
2184,214,23,0.1494
2185,214,23,0.5761
2186,214,23,0.9370
2187,214,23,0.5608
2602,215,107,0.9136
2603,215,107,0.0378
2604,215,107,0.9102
2872,216,132,0.8137
2873,216,132,0.8945
337,210,23,0.8925
338,210,23,0.9728
339,210,23,0.9776
340,210,23,0.2629
2188,214,23,0.8497
2189,214,23,0.0298
2190,214,23,0.4985
2191,214,23,0.4962
2192,214,23,0.0912
2193,214,23,0.5506
2194,214,23,0.6847
2195,214,23,0.9626
2196,214,23,0.9782
2197,214,23,0.7635
2605,215,107,0.7633
2606,215,107,0.7981
2607,215,107,0.8487
2608,215,107,0.8670
2609,215,107,0.7770
2610,215,107,0.1581
2611,215,107,0.6807
2612,215,107,0.4409
2613,215,107,0.4875
2614,215,107,0.3776
2874,216,132,0.8307
2875,216,132,0.9306
2876,216,132,0.9522
2877,216,132,0.5437
2878,216,132,0.9500
2879,216,132,0.9674
2880,216,132,0.8115
2881,216,132,0.9439
2882,216,132,0.9563
2883,216,132,0.9398
341,210,23,0.5971
342,210,23,0.6077
2198,214,23,0.4037
2199,214,23,0.3192
2200,214,23,0.9394
2201,214,23,0.6331
2202,214,23,0.8928
2203,214,23,0.8221
2204,214,23,0.2503
2205,214,23,0.5849
2206,214,23,0.7569
2207,214,23,0.4899
2615,215,107,0.8404
2616,215,107,0.9309
2617,215,107,0.3807
2618,215,107,0.7863
2619,215,107,0.8174
2620,215,107,0.9263
2621,215,107,0.4429
2622,215,107,0.8682
2623,215,107,0.9067
2624,215,107,0.4657
2884,216,23,0.4192
2885,216,23,0.3627
2886,216,23,0.5746
2887,216,23,0.7386
2888,216,23,0.6161
2889,216,23,0.6987
2890,216,23,0.2091
2891,216,23,0.7824
2892,216,23,0.6854
2893,216,23,0.5470
343,210,23,0.8796
344,210,23,0.9715
345,210,23,0.8132
2208,214,23,0.8028
2209,214,23,0.5635
2210,214,23,0.9573
2211,214,23,0.9773
2212,214,23,0.9791
2213,214,23,0.7419
2214,214,23,0.2035
2215,214,23,0.8360
2216,214,23,0.8343
2217,214,23,0.6455
2625,215,107,0.8736
2626,215,107,0.9546
2627,215,107,0.9471
2628,215,107,0.9585
2629,215,107,0.9579
2630,215,107,0.9625
2631,215,107,0.9493
2632,215,107,0.9439
2633,215,107,0.0395
2634,215,107,0.8305
2894,216,23,0.9336
2895,216,23,0.8655
2896,216,23,0.5949
346,210,23,0.9150
347,210,23,0.4364
348,210,23,0.6474
349,210,23,0.7436
350,210,23,0.8930
351,210,23,0.9095
352,210,23,0.9274
353,210,23,0.8111
354,210,23,0.0734
355,210,23,0.8734
2218,214,23,0.3320
2219,214,23,0.4839
2220,214,23,0.9475
2221,214,23,0.5380
2222,214,23,0.9502
2223,214,23,0.9759
2224,214,23,0.9801
2225,214,23,0.9853
2226,214,23,0.9870
2227,214,23,0.9866
2635,215,43,0.9569
2636,215,43,0.9463
2637,215,43,0.6562
2638,215,43,0.5841
2639,215,43,0.3402
2640,215,43,0.7066
2897,216,23,0.3565
2898,216,23,0.6812
2899,216,23,0.8921
2900,216,23,0.9695
2901,216,23,0.9780
2902,216,23,0.4522
2903,216,23,0.9569
2904,216,23,0.8014
2905,216,23,0.7436
2906,216,23,0.8131
356,210,107,0.7517
357,210,107,0.9266
358,210,107,0.9313
359,210,107,0.9762
360,210,107,0.9706
361,210,107,0.9203
362,210,107,0.9462
363,210,107,0.9258
364,210,107,0.9447
365,210,107,0.9671
2228,214,23,0.6322
2229,214,23,0.5122
2230,214,23,0.2429
2231,214,23,0.9341
2232,214,23,0.8799
2233,214,23,0.7968
2234,214,23,0.7630
2235,214,23,0.9351
2236,214,23,0.8644
2237,214,23,0.7107
2641,215,43,0.1533
2642,215,43,0.7914
2907,216,107,0.7267
2908,216,107,0.9431
2909,216,107,0.9687
2910,216,107,0.9503
2911,216,107,0.9466
2912,216,107,0.9697
2913,216,107,0.9261
2914,216,107,0.9196
2915,216,107,0.4369
2916,216,107,0.8881
366,210,43,0.5328
367,210,43,0.8376
368,210,43,0.9379
369,210,43,0.6015
370,210,43,0.6332
371,210,43,0.9219
372,210,43,0.8962
373,210,43,0.2826
374,210,43,0.3363
375,210,43,0.7412
2238,214,23,0.9027
2239,214,23,0.9149
2240,214,23,0.3013
2241,214,23,0.7912
2242,214,23,0.9470
2243,214,23,0.9744
2244,214,23,0.9804
2245,214,23,0.9843
2246,214,23,0.9854
2247,214,23,0.9864
2643,215,43,0.9335
2644,215,43,0.9286
2645,215,43,0.4510
2646,215,43,0.9425
2647,215,43,0.9754
2648,215,43,0.8853
2649,215,43,0.1265
2917,216,107,0.5908
2918,216,107,0.9229
2919,216,107,0.9430
2920,216,107,0.9485
2921,216,107,0.2178
2922,216,107,0.9309
2923,216,107,0.9210
2924,216,107,0.9542
2925,216,107,0.9674
2926,216,107,0.9480
376,210,43,0.6013
377,210,43,0.4167
378,210,43,0.9413
379,210,43,0.9690
380,210,43,0.3315
381,210,43,0.6618
382,210,43,0.5836
383,210,43,0.8938
384,210,43,0.6065
385,210,43,0.8111
2248,214,23,0.8027
2249,214,23,0.7337
2250,214,23,0.8756
2251,214,23,0.9487
2252,214,23,0.9776
2253,214,23,0.9861
2254,214,23,0.9920
2255,214,23,0.9923
2256,214,23,0.9946
2257,214,23,0.9947
2650,215,43,0.9200
2651,215,43,0.8336
2652,215,43,0.7004
2653,215,43,0.9616
2654,215,43,0.4146
2655,215,43,0.9604
2656,215,43,0.9483
2657,215,43,0.9280
2658,215,43,0.5418
2927,216,107,0.9524
2928,216,107,0.9688
2929,216,107,0.9476
2930,216,107,0.9456
2931,216,107,0.9741
2932,216,107,0.9703
2933,216,107,0.9206
2934,216,107,0.8656
2935,216,107,0.9571
386,210,43,0.7373
387,210,43,0.9084
388,210,43,0.2217
389,210,43,0.9335
390,210,43,0.5779
391,210,43,0.9041
392,210,43,0.6155
393,210,43,0.5958
394,210,43,0.9502
395,210,43,0.9534
2258,214,23,0.8627
2259,214,23,0.5506
2260,214,23,0.6926
2261,214,23,0.6712
2262,214,23,0.4547
2263,214,23,0.8776
2264,214,23,0.9593
2265,214,23,0.9751
2266,214,23,0.9810
2267,214,23,0.9844
2659,215,17,0.8217
2660,215,17,0.5077
2661,215,17,0.3630
2936,216,43,0.9279
2937,216,43,0.4948
2938,216,43,0.8909
2939,216,43,0.9248
2940,216,43,0.6937
2941,216,43,0.5359
2942,216,43,0.7807
2943,216,43,0.7681
2944,216,43,0.7249
2945,216,43,0.4874
396,210,43,0.9055
397,210,43,0.8848
398,210,43,0.9746
399,210,43,0.2841
400,210,43,0.8652
401,210,43,0.9696
402,210,43,0.4497
403,210,43,0.9512
404,210,43,0.7262
405,210,43,0.6635
2268,214,23,0.6315
2269,214,23,0.9315
2270,214,23,0.4307
2271,214,23,0.3946
2272,214,23,0.8807
2273,214,23,0.9588
2274,214,23,0.9740
2275,214,23,0.9803
2276,214,23,0.9850
2277,214,23,0.9874
2662,215,17,0.9208
2663,215,17,0.3015
2664,215,17,0.5840
2946,216,43,0.7658
2947,216,43,0.3503
2948,216,43,0.9367
2949,216,43,0.9755
2950,216,43,0.9765
2951,216,43,0.9794
2952,216,43,0.8920
2953,216,43,0.9526
2954,216,43,0.9762
2955,216,43,0.9297
406,210,43,0.9496
407,210,43,0.7898
408,210,43,0.7171
409,210,43,0.8756
410,210,43,0.7086
411,210,43,0.9471
412,210,43,0.4041
413,210,43,0.7211
414,210,43,0.9148
415,210,43,0.6464
2278,214,23,0.7432
2279,214,23,0.4236
2280,214,23,0.9335
2281,214,23,0.9425
2282,214,23,0.9684
2283,214,23,0.9788
2284,214,23,0.9839
2285,214,23,0.9851
2286,214,23,0.9873
2287,214,23,0.9879
2665,215,17,0.8723
2666,215,17,0.3270
2667,215,17,0.3531
2956,216,17,0.8027
2957,216,17,0.5451
2958,216,17,0.7297
2959,216,17,0.6315
2960,216,17,0.1696
2961,216,17,0.3209
2962,216,17,0.2861
2963,216,17,0.6440
2964,216,17,0.5156
2965,216,17,0.7247
416,210,43,0.9349
417,210,43,0.4938
418,210,43,0.6872
419,210,43,0.9101
420,210,43,0.6069
421,210,43,0.5928
422,210,43,0.9379
423,210,43,0.2237
424,210,43,0.4610
2288,214,23,0.5090
2289,214,23,0.7309
2290,214,23,0.2214
2291,214,23,0.8387
2292,214,23,0.9531
2293,214,23,0.9761
2294,214,23,0.9812
2295,214,23,0.9844
2296,214,23,0.9871
2297,214,23,0.9868
2668,215,17,0.0958
2669,215,17,0.5651
2670,215,17,0.0670
2966,216,17,0.7062
2967,216,17,0.7385
2968,216,17,0.7947
2969,216,17,0.4450
2970,216,17,0.7092
2971,216,17,0.8344
2972,216,17,0.9651
2973,216,17,0.8609
2974,216,17,0.9398
2975,216,17,0.9782
425,210,43,0.8144
426,210,43,0.9428
427,210,43,0.9383
428,210,43,0.9771
429,210,43,0.8352
430,210,43,0.7354
431,210,43,0.9514
432,210,43,0.8889
433,210,43,0.3739
434,210,43,0.8668
2298,214,23,0.6189
2299,214,23,0.3532
2300,214,23,0.5589
2301,214,23,0.8902
2302,214,23,0.9594
2303,214,23,0.9704
2304,214,23,0.9797
2305,214,23,0.9836
2306,214,23,0.9855
2307,214,23,0.9859
2671,215,17,0.3781
2672,215,17,0.3367
2673,215,17,0.9297
2674,215,17,0.8949
2675,215,17,0.9378
2676,215,17,0.0261
2677,215,17,0.3645
2678,215,17,0.2655
2976,216,17,0.7842
2977,216,17,0.6824
2978,216,17,0.1777
2979,216,17,0.9025
2980,216,17,0.6633
2981,216,17,0.7830
2982,216,17,0.7810
2983,216,17,0.9663
2984,216,17,0.8986
2985,216,17,0.9728
435,210,43,0.9411
436,210,43,0.6062
437,210,43,0.8330
438,210,43,0.9577
439,210,43,0.7307
440,210,43,0.8352
441,210,43,0.9465
442,210,43,0.9643
443,210,43,0.4785
2308,214,23,0.8763
2309,214,23,0.3997
2310,214,23,0.6556
2311,214,23,0.7949
2312,214,23,0.9575
2313,214,23,0.9604
2314,214,23,0.9791
2315,214,23,0.9849
2316,214,23,0.9867
2317,214,23,0.9866
2679,215,17,0.9195
2680,215,17,0.9761
2681,215,17,0.5825
2986,216,17,0.8448
2987,216,17,0.9723
2988,216,17,0.3828
2989,216,17,0.9639
2990,216,17,0.5939
2991,216,17,0.9532
2992,216,17,0.9740
2993,216,17,0.2538
2994,216,17,0.9517
2995,216,17,0.4727
444,210,17,0.9211
445,210,17,0.8304
446,210,17,0.5126
447,210,17,0.4208
448,210,17,0.7676
449,210,17,0.8291
450,210,17,0.4545
451,210,17,0.8977
452,210,17,0.7858
453,210,17,0.4980
2318,214,23,0.7296
2319,214,23,0.7710
2320,214,23,0.8007
2321,214,23,0.4078
2322,214,23,0.8391
2323,214,23,0.9040
2324,214,23,0.9147
2325,214,23,0.9506
2326,214,23,0.9611
2327,214,23,0.9746
2682,215,17,0.7752
2683,215,17,0.3033
2684,215,17,0.3213
2685,215,17,0.5435
2686,215,17,0.5122
2687,215,17,0.3545
2688,215,17,0.5084
2689,215,17,0.7563
2690,215,17,0.6285
2691,215,17,0.6848
2996,216,17,0.5227
2997,216,17,0.8709
2998,216,17,0.9732
2999,216,17,0.9820
3000,216,17,0.9815
3001,216,17,0.9831
3002,216,17,0.6798
3003,216,17,0.7508
3004,216,17,0.6337
3005,216,17,0.7369
454,210,17,0.8166
455,210,17,0.2727
456,210,17,0.9421
457,210,17,0.9786
458,210,17,0.9777
459,210,17,0.9806
460,210,17,0.6330
461,210,17,0.9189
462,210,17,0.9742
463,210,17,0.9770
2328,214,23,0.9233
2329,214,23,0.9755
2330,214,23,0.9670
2331,214,23,0.1933
2332,214,23,0.5367
2333,214,23,0.9002
2334,214,23,0.9525
2335,214,23,0.9694
2336,214,23,0.9777
2337,214,23,0.9834
2692,215,17,0.5489
2693,215,17,0.7312
2694,215,17,0.9639
2695,215,17,0.6660
2696,215,17,0.8800
2697,215,17,0.2050
2698,215,17,0.2649
3006,216,17,0.7648
3007,216,17,0.6761
3008,216,17,0.9464
3009,216,17,0.9767
3010,216,17,0.9796
3011,216,17,0.9802
3012,216,17,0.9776
3013,216,17,0.4256
3014,216,17,0.7888
3015,216,17,0.9704
464,210,17,0.7998
465,210,17,0.8389
466,210,17,0.9518
467,210,17,0.8940
468,210,17,0.5387
469,210,17,0.5350
470,210,17,0.6542
471,210,17,0.9644
472,210,17,0.4279
473,210,17,0.1383
2338,214,23,0.9006
2339,214,23,0.2513
2340,214,23,0.9006
2341,214,23,0.9458
2342,214,23,0.0477
2343,214,23,0.6794
2344,214,23,0.7801
2345,214,23,0.9548
2346,214,23,0.9663
2347,214,23,0.9802
2699,215,17,0.3679
2700,215,17,0.5766
3016,216,93,0.7298
3017,216,93,0.8630
3018,216,93,0.9266
3019,216,93,0.9746
3020,216,93,0.9654
3021,216,93,0.1342
3022,216,93,0.2649
3023,216,93,0.8719
3024,216,93,0.6442
3025,216,93,0.8952
474,210,17,0.5707
475,210,17,0.6121
476,210,17,0.9477
477,210,17,0.3698
478,210,17,0.8743
479,210,17,0.4040
480,210,17,0.5057
481,210,17,0.2762
482,210,17,0.9295
2348,214,23,0.4552
2349,214,23,0.6824
2350,214,23,0.4579
2351,214,23,0.7287
2352,214,23,0.9253
2353,214,23,0.9621
2354,214,23,0.9765
2355,214,23,0.9833
2356,214,23,0.9857
2357,214,23,0.9855
2701,215,17,0.7236
2702,215,17,0.5533
3026,216,93,0.5700
3027,216,93,0.9368
3028,216,93,0.5522
3029,216,93,0.3426
3030,216,93,0.3570
3031,216,93,0.6832
3032,216,93,0.2365
3033,216,93,0.6142
3034,216,93,0.5635
3035,216,93,0.9343
483,210,93,0.9126
484,210,93,0.8945
485,210,93,0.9252
486,210,93,0.9669
487,210,93,0.8930
488,210,93,0.9077
489,210,93,0.9435
490,210,93,0.9728
491,210,93,0.7169
492,210,93,0.9140
2358,214,23,0.8962
2359,214,23,0.2239
2360,214,23,0.7705
2361,214,23,0.4214
2362,214,23,0.5209
2363,214,23,0.9633
2364,214,23,0.9336
2365,214,23,0.9766
2366,214,23,0.6370
2703,215,17,0.7866
2704,215,17,0.7966
2705,215,17,0.9374
2706,215,17,0.9609
2707,215,17,0.9756
2708,215,17,0.9743
2709,215,17,0.9230
2710,215,17,0.9571
2711,215,17,0.3948
3036,216,93,0.8465
3037,216,93,0.8974
3038,216,93,0.4696
3039,216,93,0.9281
3040,216,93,0.6448
3041,216,93,0.8043
3042,216,93,0.9320
3043,216,93,0.9774
3044,216,93,0.9870
3045,216,93,0.9912
493,210,23,0.8817
494,210,23,0.1758
495,210,23,0.5194
496,210,23,0.9433
497,210,23,0.5053
498,210,23,0.7766
499,210,23,0.5839
500,210,23,0.4841
501,210,23,0.3685
502,210,23,0.6349
2367,214,107,0.9327
2368,214,107,0.9628
2369,214,107,0.9302
2370,214,107,0.7379
2371,214,107,0.8847
2372,214,107,0.9275
2373,214,107,0.9376
2374,214,107,0.7657
2375,214,107,0.8520
2712,215,17,0.5038
2713,215,17,0.9508
2714,215,17,0.0267
2715,215,17,0.6069
2716,215,17,0.7832
3046,216,93,0.4425
3047,216,93,0.9566
3048,216,93,0.9473
3049,216,93,0.5306
3050,216,93,0.8826
3051,216,93,0.7584
3052,216,93,0.7735
3053,216,93,0.8195
3054,216,93,0.9497
3055,216,93,0.7304
503,210,23,0.4437
504,210,23,0.9415
505,210,23,0.2374
506,210,23,0.9318
507,210,23,0.7169
508,210,23,0.3334
509,210,23,0.9346
510,210,23,0.9763
511,210,23,0.4449
512,210,23,0.4059
2376,214,43,0.7996
2377,214,43,0.9270
2378,214,43,0.5629
2379,214,43,0.2766
2380,214,43,0.8455
2381,214,43,0.8966
2382,214,43,0.2536
2383,214,43,0.8382
2384,214,43,0.9004
2385,214,43,0.9085
2717,215,17,0.8743
2718,215,17,0.3934
2719,215,17,0.5434
2720,215,17,0.5082
2721,215,17,0.2706
3056,216,93,0.5361
3057,216,93,0.5195
3058,216,93,0.9467
3059,216,93,0.5054
3060,216,93,0.5788
3061,216,93,0.5985
3062,216,93,0.8303
3063,216,93,0.7701
3064,216,93,0.8786
3065,216,93,0.9203
513,210,23,0.9068
514,210,23,0.8047
515,210,23,0.9700
516,210,23,0.8128
517,210,23,0.2163
518,210,23,0.7348
519,210,23,0.2024
520,210,23,0.8320
521,210,23,0.9341
522,210,23,0.9671
2386,214,43,0.9057
2387,214,43,0.2999
2388,214,43,0.9124
2389,214,43,0.7704
2390,214,43,0.3501
2391,214,43,0.7631
2392,214,43,0.7642
2393,214,43,0.8220
2394,214,43,0.8346
2395,214,43,0.8554
2722,215,17,0.8872
2723,215,17,0.6828
2724,215,17,0.9394
2725,215,17,0.4164
2726,215,17,0.2838
3066,216,93,0.5487
3067,216,93,0.4837
3068,216,93,0.7392
3069,216,93,0.7251
3070,216,93,0.7336
3071,216,93,0.9431
3072,216,93,0.9717
3073,216,93,0.9804
3074,216,93,0.4384
3075,216,93,0.4687
523,210,23,0.8861
524,210,23,0.8369
525,210,23,0.9623
526,210,23,0.7844
527,210,23,0.9621
528,210,23,0.9794
529,210,23,0.9830
530,210,23,0.9847
531,210,23,0.9857
532,210,23,0.9873
2396,214,43,0.7732
2397,214,43,0.3266
2398,214,43,0.6723
2399,214,43,0.9119
2400,214,43,0.9424
2401,214,43,0.9635
2402,214,43,0.9693
2403,214,43,0.9726
2404,214,43,0.9771
2405,214,43,0.9821
2727,215,17,0.8332
2728,215,17,0.6167
3076,216,93,0.3863
3077,216,93,0.8873
3078,216,93,0.9495
3079,216,93,0.8428
3080,216,93,0.9366
3081,216,93,0.6290
3082,216,93,0.8905
3083,216,93,0.3425
3084,216,93,0.6036
3085,216,93,0.9420
533,210,23,0.8129
534,210,23,0.9532
535,210,23,0.3698
536,210,23,0.7253
537,210,23,0.9205
538,210,23,0.9613
539,210,23,0.9664
540,210,23,0.9773
541,210,23,0.9825
542,210,23,0.9851
2406,214,43,0.8034
2407,214,43,0.8758
2408,214,43,0.9217
2409,214,43,0.8703
2410,214,43,0.6813
2411,214,43,0.7668
2412,214,43,0.3614
2413,214,43,0.8391
2414,214,43,0.8593
2415,214,43,0.9417
2729,215,17,0.9112
2730,215,17,0.8835
2731,215,17,0.5678
3086,217,132,0.7949
543,210,23,0.2274
544,210,23,0.1427
545,210,23,0.7277
546,210,23,0.5194
547,210,23,0.7611
548,210,23,0.7810
549,210,23,0.8620
550,210,23,0.7669
551,210,23,0.8654
552,210,23,0.8036
2416,214,43,0.6208
2417,214,43,0.9464
2418,214,43,0.9026
2419,214,43,0.9351
2420,214,43,0.3515
2421,214,43,0.7706
2422,214,43,0.9303
2423,214,43,0.9465
2424,214,43,0.9628
2425,214,43,0.9748
2732,215,17,0.6106
2733,215,17,0.7518
2734,215,17,0.5989
2735,215,17,0.6314
2736,215,17,0.9424
2737,215,17,0.7368
2738,215,17,0.2035
2739,215,17,0.7752
3087,217,132,0.0844
3088,217,132,0.4242
3089,217,132,0.9007
3090,217,132,0.6882
3091,217,132,0.0363
3092,217,132,0.3693
3093,217,132,0.8007
553,210,23,0.7621
554,210,23,0.5639
555,210,23,0.7925
556,210,23,0.7668
557,210,23,0.8674
558,210,23,0.8345
559,210,23,0.8603
560,210,23,0.8349
561,210,23,0.8622
562,210,23,0.8192
2426,214,43,0.7600
2427,214,43,0.4658
2428,214,43,0.9347
2429,214,43,0.7726
2430,214,43,0.1834
2431,214,43,0.9005
2432,214,43,0.4909
2433,214,43,0.3201
2434,214,43,0.9508
2740,215,17,0.9297
2741,215,17,0.9647
2742,215,17,0.9791
2743,215,17,0.9803
2744,215,17,0.9777
2745,215,17,0.8819
2746,215,17,0.9419
2747,215,17,0.7529
2748,215,17,0.0466
2749,215,17,0.4217
3094,217,132,0.9186
3095,217,132,0.8722
3096,217,132,0.9316
3097,217,132,0.9409
3098,217,132,0.7868
3099,217,132,0.7112
563,210,23,0.1784
564,210,23,0.2043
565,210,23,0.4969
566,210,23,0.7569
567,210,23,0.7767
568,210,23,0.8691
569,210,23,0.8193
570,210,23,0.8512
571,210,23,0.7936
572,210,23,0.7590
2435,214,17,0.5542
2436,214,17,0.7577
2437,214,17,0.8994
2438,214,17,0.8573
2439,214,17,0.8903
2440,214,17,0.8543
2441,214,17,0.1261
2442,214,17,0.7280
2443,214,17,0.9286
2444,214,17,0.9699
2750,215,17,0.6224
2751,215,17,0.1255
2752,215,17,0.9331
2753,215,17,0.9763
2754,215,17,0.9728
2755,215,17,0.9788
2756,215,17,0.9787
2757,215,17,0.9809
2758,215,17,0.9827
2759,215,17,0.1722
3100,217,132,0.6874
3101,217,132,0.8241
3102,217,132,0.9529
3103,217,132,0.5218
3104,217,132,0.1517
573,210,23,0.5635
574,210,23,0.2378
575,210,23,0.7369
576,210,23,0.8540
577,210,23,0.7759
578,210,23,0.8578
579,210,23,0.8245
580,210,23,0.8714
581,210,23,0.7547
582,210,23,0.8534
2445,214,17,0.9208
2446,214,17,0.9748
2447,214,17,0.8532
2448,214,17,0.7944
2449,214,17,0.7897
2450,214,17,0.3566
2451,214,17,0.9590
2452,214,17,0.4042
2453,214,17,0.8677
2454,214,17,0.9675
2760,215,17,0.8887
2761,215,17,0.5748
3105,217,132,0.1724
3106,217,132,0.6316
583,210,23,0.2223
584,210,23,0.1724
585,210,23,0.6377
586,210,23,0.1796
587,210,23,0.6584
588,210,23,0.6942
589,210,23,0.2270
590,210,23,0.4367
591,210,23,0.8051
592,210,23,0.8146
2455,214,93,0.8335
2456,214,93,0.4034
2457,214,93,0.4759
2458,214,93,0.6094
2459,214,93,0.9124
2460,214,93,0.9465
2461,214,93,0.5050
2462,214,93,0.8966
2463,214,93,0.9669
2464,214,93,0.9809
2762,215,17,0.3337
2763,215,17,0.6667
3107,217,132,0.9570
3108,217,132,0.5022
3109,217,132,0.6111
3110,217,132,0.8922
3111,217,132,0.3893
3112,217,132,0.4177
3113,217,132,0.2621
593,210,23,0.5063
594,210,23,0.3927
595,210,23,0.7243
596,210,23,0.5954
597,210,23,0.8204
598,210,23,0.8189
599,210,23,0.8402
600,210,23,0.7722
601,210,23,0.8361
602,210,23,0.7873
2465,214,93,0.5717
2466,214,93,0.3287
2467,214,93,0.6303
2468,214,93,0.9033
2469,214,93,0.9239
2470,214,93,0.9261
2471,214,93,0.9373
2472,214,93,0.9642
2473,214,93,0.9763
2474,214,93,0.9829
2764,215,17,0.7236
2765,215,17,0.2722
2766,215,17,0.7345
2767,215,17,0.7463
2768,215,17,0.7022
3114,217,132,0.8930
3115,217,132,0.8630
3116,217,132,0.1142
3117,217,132,0.8717
3118,217,132,0.8286
3119,217,132,0.8512
3120,217,132,0.9366
3121,217,132,0.9208
3122,217,132,0.9419
3123,217,132,0.7990
603,210,23,0.1465
604,210,23,0.2376
605,210,23,0.5051
606,210,23,0.8317
607,210,23,0.8197
608,210,23,0.8722
609,210,23,0.8242
610,210,23,0.8724
611,210,23,0.7706
612,210,23,0.8654
2475,214,93,0.4474
2476,214,93,0.2737
2477,214,93,0.9369
2478,214,93,0.9709
2479,214,93,0.9729
2480,214,93,0.9793
2481,214,93,0.9830
2482,214,93,0.9846
2483,214,93,0.9869
2484,214,93,0.9875
2769,215,17,0.4935
2770,215,17,0.6052
3124,217,132,0.9440
3125,217,132,0.8204
3126,217,132,0.2615
3127,217,132,0.6309
613,210,23,0.0874
614,210,23,0.2300
615,210,23,0.5440
616,210,23,0.8415
617,210,23,0.7328
618,210,23,0.8501
619,210,23,0.8131
620,210,23,0.8728
621,210,23,0.7140
622,210,23,0.8565
2485,214,93,0.8932
2486,214,93,0.8025
2487,214,93,0.9692
2488,214,93,0.9288
2489,214,93,0.8765
2490,214,93,0.9467
2491,214,93,0.9452
2492,214,93,0.9613
2493,214,93,0.9424
2494,214,93,0.9620
2771,215,17,0.9108
2772,215,17,0.8404
2773,215,17,0.5902
2774,215,17,0.4288
2775,215,17,0.5908
2776,215,17,0.3036
3128,217,132,0.7274
3129,217,132,0.6931
3130,217,132,0.4855
3131,217,132,0.3582
3132,217,132,0.5295
3133,217,132,0.8616
3134,217,132,0.9258
3135,217,132,0.5171
3136,217,132,0.4901
623,210,23,0.5676
624,210,23,0.2478
625,210,23,0.6335
626,210,23,0.8578
627,210,23,0.8080
628,210,23,0.8574
629,210,23,0.8048
630,210,23,0.8668
631,210,23,0.8100
632,210,23,0.8519
2495,214,93,0.4822
2777,215,17,0.8464
2778,215,17,0.6704
2779,215,17,0.3448
3137,217,132,0.7175
3138,217,132,0.8075
3139,217,132,0.5316
3140,217,132,0.9528
3141,217,132,0.4835
3142,217,132,0.9552
633,210,23,0.5177
634,210,23,0.3280
635,210,23,0.7005
636,210,23,0.7669
637,210,23,0.7881
638,210,23,0.8474
639,210,23,0.7897
640,210,23,0.8762
641,210,23,0.8282
642,210,23,0.8739
2496,214,93,0.8403
2497,214,93,0.0884
2498,214,93,0.8650
2499,214,93,0.9438
2500,214,93,0.9626
2501,214,93,0.9713
2502,214,93,0.9666
2503,214,93,0.9764
2504,214,93,0.9822
2505,214,93,0.9841
2780,215,17,0.9136
2781,215,17,0.9318
2782,215,17,0.9752
2783,215,17,0.9779
2784,215,17,0.9029
2785,215,17,0.8451
2786,215,17,0.2869
2787,215,17,0.4874
2788,215,17,0.9458
2789,215,17,0.6485
3143,217,132,0.7633
3144,217,132,0.9297
3145,217,132,0.4537
3146,217,132,0.9548
3147,217,132,0.8727
3148,217,132,0.9608
3149,217,132,0.7076
3150,217,132,0.9528
3151,217,132,0.9722
3152,217,132,0.9792
643,210,23,0.5557
644,210,23,0.3670
645,210,23,0.6866
646,210,23,0.8258
647,210,23,0.8168
648,210,23,0.8757
649,210,23,0.7975
650,210,23,0.8682
651,210,23,0.7902
652,210,23,0.3862
2790,215,93,0.7165
2791,215,93,0.9663
2792,215,93,0.9276
2793,215,93,0.9507
2794,215,93,0.9761
2795,215,93,0.9801
2796,215,93,0.9777
2797,215,93,0.9693
2798,215,93,0.2220
3153,217,23,0.8756
3154,217,23,0.9488
3155,217,23,0.9752
3156,217,23,0.5565
3157,217,23,0.3197
3158,217,23,0.5862
3159,217,23,0.7711
3160,217,23,0.2563
3161,217,23,0.6174
3162,217,23,0.6639
3453,218,132,0.7384
3454,218,132,0.9397
3455,218,132,0.0683
653,210,23,0.2313
654,210,23,0.3351
655,210,23,0.6379
656,210,23,0.8431
657,210,23,0.8024
658,210,23,0.8408
659,210,23,0.8227
660,210,23,0.8749
661,210,23,0.8117
662,210,23,0.8249
2799,215,23,0.3468
2800,215,23,0.8723
2801,215,23,0.9138
2802,215,23,0.9518
2803,215,23,0.5086
2804,215,23,0.7455
3163,217,23,0.9081
3164,217,23,0.9596
3165,217,23,0.3891
3166,217,23,0.9017
3167,217,23,0.9277
3168,217,23,0.9572
3169,217,23,0.9792
3170,217,23,0.9754
3171,217,23,0.8071
3172,217,23,0.8528
3456,218,132,0.9092
3457,218,132,0.0576
3458,218,132,0.5909
3459,218,132,0.9550
3460,218,132,0.9213
3461,218,132,0.7778
3462,218,132,0.9491
3463,218,132,0.9541
3464,218,132,0.2878
3465,218,132,0.8674
663,210,23,0.3912
664,210,23,0.3169
665,210,23,0.8016
666,210,23,0.8473
667,210,23,0.6797
668,210,23,0.8225
669,210,23,0.8024
670,210,23,0.8610
671,210,23,0.1987
672,210,23,0.3950
3173,217,23,0.8753
3174,217,23,0.9682
3175,217,23,0.9499
3176,217,23,0.9030
3177,217,23,0.9674
3178,217,23,0.9821
3179,217,23,0.9841
3180,217,23,0.9845
3181,217,23,0.9870
3182,217,23,0.9872
3466,218,132,0.5103
3467,218,132,0.8945
3468,218,132,0.9524
3469,218,132,0.9260
3470,218,132,0.9580
3471,218,132,0.6960
3472,218,132,0.8183
3473,218,132,0.9382
3474,218,132,0.9753
3475,218,132,0.9054
3545,219,132,0.7883
3546,219,132,0.9295
3547,219,132,0.9607
3548,219,132,0.9595
3549,219,132,0.9337
3550,219,132,0.9773
3551,219,132,0.9797
3552,219,132,0.9796
3553,219,132,0.9807
3554,219,132,0.9759
673,210,23,0.3122
674,210,23,0.2033
675,210,23,0.5063
676,210,23,0.8535
677,210,23,0.8020
678,210,23,0.8435
679,210,23,0.7827
680,210,23,0.8694
681,210,23,0.5426
682,210,23,0.8294
3183,217,23,0.9273
3184,217,23,0.3352
3185,217,23,0.8932
3186,217,23,0.9373
3187,217,23,0.9591
3188,217,23,0.9705
3189,217,23,0.9793
3190,217,23,0.9824
3191,217,23,0.9857
3192,217,23,0.9847
3476,218,23,0.8571
3477,218,23,0.4851
3478,218,23,0.8093
3479,218,23,0.8504
3480,218,23,0.9261
3481,218,23,0.7325
3482,218,23,0.7379
3483,218,23,0.9575
3484,218,23,0.9804
3485,218,23,0.7312
3555,219,23,0.9268
3556,219,23,0.9685
3557,219,23,0.2223
3558,219,23,0.7646
3559,219,23,0.5768
3560,219,23,0.8340
3561,219,23,0.4241
3562,219,23,0.8147
3563,219,23,0.0572
3564,219,23,0.7783
683,210,23,0.1046
684,210,23,0.1816
685,210,23,0.6076
686,210,23,0.8438
687,210,23,0.7896
688,210,23,0.8660
689,210,23,0.8101
690,210,23,0.8699
691,210,23,0.5879
692,210,23,0.8430
3193,217,23,0.4353
3194,217,23,0.3559
3195,217,23,0.8573
3196,217,23,0.9035
3197,217,23,0.9507
3198,217,23,0.9714
3199,217,23,0.9799
3200,217,23,0.9839
3201,217,23,0.0144
3202,217,23,0.6207
3486,218,107,0.8596
3487,218,107,0.5268
3488,218,107,0.9627
3489,218,107,0.9508
3490,218,107,0.8650
3491,218,107,0.6261
3492,218,107,0.9575
3493,218,107,0.8927
3494,218,107,0.9657
3495,218,107,0.9376
3565,219,23,0.3704
3566,219,23,0.8762
3567,219,23,0.9625
3568,219,23,0.0218
3569,219,23,0.6415
3570,219,23,0.8325
3571,219,23,0.8646
3572,219,23,0.5828
3573,219,23,0.7587
3574,219,23,0.9665
693,210,23,0.3020
694,210,23,0.1662
695,210,23,0.6036
696,210,23,0.8593
697,210,23,0.7976
698,210,23,0.8664
699,210,23,0.8002
700,210,23,0.8709
701,210,23,0.8239
702,210,23,0.1471
3203,217,23,0.9081
3204,217,23,0.3371
3205,217,23,0.7143
3206,217,23,0.7917
3207,217,23,0.1775
3208,217,23,0.8044
3209,217,23,0.6975
3210,217,23,0.8513
3211,217,23,0.2194
3212,217,23,0.3587
3496,218,43,0.9675
3497,218,43,0.7493
3498,218,43,0.9063
3499,218,43,0.9355
3500,218,43,0.9295
3501,218,43,0.8810
3502,218,43,0.3787
3503,218,43,0.7571
3504,218,43,0.8188
3505,218,43,0.9204
3575,219,23,0.7219
3576,219,23,0.9065
3577,219,23,0.9109
3578,219,23,0.9165
3579,219,23,0.1446
3580,219,23,0.8038
3581,219,23,0.5779
3582,219,23,0.7279
3583,219,23,0.4819
3584,219,23,0.8916
703,210,23,0.5672
704,210,23,0.7438
705,210,23,0.8951
706,210,23,0.9564
707,210,23,0.0207
708,210,23,0.4583
709,210,23,0.3241
710,210,23,0.6751
711,210,23,0.2117
712,210,23,0.6077
3213,217,23,0.4190
3214,217,23,0.3756
3215,217,23,0.7562
3216,217,23,0.8115
3217,217,23,0.8522
3218,217,23,0.8969
3219,217,23,0.9258
3220,217,23,0.9391
3221,217,23,0.9574
3222,217,23,0.9704
3506,218,43,0.9085
3507,218,43,0.9731
3508,218,43,0.9784
3509,218,43,0.9801
3510,218,43,0.9800
3511,218,43,0.9566
3512,218,43,0.2647
3513,218,43,0.7578
3514,218,43,0.9388
3585,219,23,0.4334
3586,219,23,0.9405
3587,219,23,0.1138
3588,219,23,0.4432
3589,219,23,0.4752
3590,219,23,0.3414
3591,219,23,0.4069
3592,219,23,0.9006
3593,219,23,0.9489
3594,219,23,0.1561
713,210,23,0.5309
714,210,23,0.5748
715,210,23,0.8070
716,210,23,0.7769
717,210,23,0.8666
718,210,23,0.7960
719,210,23,0.8447
720,210,23,0.7966
721,210,23,0.8763
722,210,23,0.8290
3223,217,23,0.1960
3224,217,23,0.3406
3225,217,23,0.6485
3226,217,23,0.0558
3227,217,23,0.5798
3228,217,23,0.3722
3229,217,23,0.6845
3230,217,23,0.3856
3231,217,23,0.8274
3232,217,23,0.0863
3515,218,17,0.5788
3516,218,17,0.9259
3517,218,17,0.1544
3518,218,17,0.3917
3519,218,17,0.4779
3520,218,17,0.8338
3521,218,17,0.9457
3522,218,17,0.3927
3523,218,17,0.9496
3524,218,17,0.5007
3595,219,23,0.3885
3596,219,23,0.5149
3597,219,23,0.3320
3598,219,23,0.8704
3599,219,23,0.8679
3600,219,23,0.8486
3601,219,23,0.8791
3602,219,23,0.8385
3603,219,23,0.1227
3604,219,23,0.6321
723,210,23,0.2426
724,210,23,0.2264
725,210,23,0.5339
726,210,23,0.7625
727,210,23,0.7513
728,210,23,0.8378
729,210,23,0.8083
730,210,23,0.8552
731,210,23,0.8165
732,210,23,0.8698
3233,217,23,0.8693
3234,217,23,0.3337
3235,217,23,0.8113
3236,217,23,0.8866
3237,217,23,0.9061
3238,217,23,0.9578
3239,217,23,0.9734
3240,217,23,0.9814
3241,217,23,0.9850
3242,217,23,0.9860
3525,218,17,0.7985
3526,218,17,0.6541
3527,218,17,0.9519
3528,218,17,0.9757
3529,218,17,0.6013
3530,218,17,0.3573
3531,218,17,0.5856
3532,218,17,0.6789
3533,218,17,0.5197
3534,218,17,0.7328
3605,219,23,0.7917
3606,219,23,0.5873
3607,219,23,0.4971
3608,219,23,0.7335
3609,219,23,0.8402
3610,219,23,0.7903
3611,219,23,0.8485
3612,219,23,0.8112
3613,219,23,0.1315
3614,219,23,0.6326
733,210,23,0.0640
734,210,23,0.1434
735,210,23,0.5049
736,210,23,0.7888
737,210,23,0.7889
738,210,23,0.8631
739,210,23,0.7960
740,210,23,0.7770
741,210,23,0.7909
742,210,23,0.8599
3243,217,23,0.9381
3244,217,23,0.7402
3245,217,23,0.8828
3246,217,23,0.9313
3247,217,23,0.9710
3248,217,23,0.9788
3249,217,23,0.9833
3250,217,23,0.9863
3251,217,23,0.9878
3252,217,23,0.9877
3535,218,93,0.7797
3536,218,93,0.9677
3537,218,93,0.9778
3538,218,93,0.9702
3539,218,93,0.9479
3540,218,93,0.9757
3541,218,93,0.9282
3542,218,93,0.9437
3543,218,93,0.9469
3544,218,93,0.9604
3615,219,23,0.7926
3616,219,23,0.3461
3617,219,23,0.5978
3618,219,23,0.6722
3619,219,23,0.6393
3620,219,23,0.8323
3621,219,23,0.8122
3622,219,23,0.1327
3623,219,23,0.6356
3624,219,23,0.6037
743,210,23,0.8414
744,210,23,0.4393
745,210,23,0.7314
746,210,23,0.8140
747,210,23,0.8178
748,210,23,0.8747
749,210,23,0.8269
750,210,23,0.8609
751,210,23,0.8125
752,210,23,0.8692
3253,217,23,0.4997
3254,217,23,0.3102
3255,217,23,0.7045
3256,217,23,0.7944
3257,217,23,0.7788
3258,217,23,0.8493
3259,217,23,0.8947
3260,217,23,0.9053
3261,217,23,0.9640
3262,217,23,0.9788
3625,219,23,0.7402
3626,219,23,0.4333
3627,219,23,0.6816
3628,219,23,0.3541
3629,219,23,0.7391
3630,219,23,0.7665
3631,219,23,0.1499
3632,219,23,0.6348
3633,219,23,0.6338
3634,219,23,0.7510
4103,220,132,0.7098
4104,220,132,0.7102
4105,220,132,0.9220
4106,220,132,0.8865
4107,220,132,0.5497
4108,220,132,0.9455
4109,220,132,0.9584
4110,220,132,0.9445
4111,220,132,0.9775
4112,220,132,0.0200
753,210,23,0.5072
754,210,23,0.4236
755,210,23,0.7023
756,210,23,0.7572
757,210,23,0.7926
758,210,23,0.8632
759,210,23,0.7844
760,210,23,0.8742
761,210,23,0.7610
762,210,23,0.1322
3263,217,23,0.8981
3264,217,23,0.3682
3265,217,23,0.8457
3266,217,23,0.9306
3267,217,23,0.9497
3268,217,23,0.9665
3269,217,23,0.9738
3270,217,23,0.0181
3271,217,23,0.8433
3272,217,23,0.5445
3635,219,23,0.1589
3636,219,23,0.3903
3637,219,23,0.6491
3638,219,23,0.5206
3639,219,23,0.9068
3640,219,23,0.9549
3641,219,23,0.9793
3642,219,23,0.9909
3643,219,23,0.9930
3644,219,23,0.9926
4113,220,132,0.9227
4114,220,132,0.8294
4115,220,132,0.9186
4116,220,132,0.8246
4117,220,132,0.2248
763,210,23,0.7160
764,210,23,0.4183
765,210,23,0.7829
766,210,23,0.7541
767,210,23,0.8575
768,210,23,0.8223
769,210,23,0.8732
770,210,23,0.7806
771,210,23,0.8664
772,210,23,0.8212
3273,217,23,0.1126
3274,217,23,0.6990
3275,217,23,0.8224
3276,217,23,0.8917
3277,217,23,0.9777
3278,217,23,0.0158
3279,217,23,0.7060
3280,217,23,0.5126
3281,217,23,0.8753
3282,217,23,0.8788
3645,219,23,0.8732
3646,219,23,0.2343
3647,219,23,0.9562
3648,219,23,0.9413
3649,219,23,0.1540
3650,219,23,0.7359
3651,219,23,0.5490
3652,219,23,0.6757
3653,219,23,0.7881
3654,219,23,0.8725
4118,220,132,0.8484
4119,220,132,0.7785
4120,220,132,0.7885
4121,220,132,0.9416
4122,220,132,0.9245
4123,220,132,0.2557
4124,220,132,0.8338
4125,220,132,0.9103
4126,220,132,0.8169
4127,220,132,0.9473
773,210,23,0.7028
774,210,23,0.4741
775,210,23,0.6523
776,210,23,0.8430
777,210,23,0.5819
778,210,23,0.8361
779,210,23,0.7685
780,210,23,0.8390
781,210,23,0.8030
782,210,23,0.1288
3283,217,23,0.3322
3284,217,23,0.6706
3285,217,23,0.7496
3286,217,23,0.8299
3287,217,23,0.9560
3288,217,23,0.9801
3289,217,23,0.9948
3290,217,23,0.9936
3291,217,23,0.6412
3292,217,23,0.9080
3655,219,23,0.1149
3656,219,23,0.0970
3657,219,23,0.8003
3658,219,23,0.8498
3659,219,23,0.8047
3660,219,23,0.8678
3661,219,23,0.8124
3662,219,23,0.1376
3663,219,23,0.6445
3664,219,23,0.3548
4128,220,132,0.9442
4129,220,132,0.4817
4130,220,132,0.9557
783,210,23,0.0864
784,210,23,0.1566
785,210,23,0.5131
786,210,23,0.7865
787,210,23,0.6981
788,210,23,0.8495
789,210,23,0.7610
790,210,23,0.8415
791,210,23,0.7445
792,210,23,0.8587
3293,217,107,0.5548
3294,217,107,0.8570
3295,217,107,0.8348
3296,217,107,0.9327
3297,217,107,0.9432
3298,217,107,0.8967
3299,217,107,0.1989
3300,217,107,0.9371
3301,217,107,0.8146
3302,217,107,0.9100
3665,219,23,0.3217
3666,219,23,0.6634
3667,219,23,0.8026
3668,219,23,0.1373
3669,219,23,0.6734
3670,219,23,0.3511
3671,219,23,0.5588
3672,219,23,0.8593
3673,219,23,0.7859
3674,219,23,0.2092
4131,220,132,0.1430
4132,220,132,0.5518
793,210,23,0.5880
794,210,23,0.3573
795,210,23,0.5445
796,210,23,0.8277
797,210,23,0.8160
798,210,23,0.8755
799,210,23,0.7524
800,210,23,0.8573
801,210,23,0.7996
802,210,23,0.8238
3303,217,43,0.9126
3304,217,43,0.9529
3305,217,43,0.9326
3306,217,43,0.9683
3307,217,43,0.1905
3308,217,43,0.9407
3309,217,43,0.8004
3310,217,43,0.9586
3311,217,43,0.9414
3312,217,43,0.8350
3675,219,23,0.1773
3676,219,23,0.6027
3677,219,23,0.1439
3678,219,23,0.5370
3679,219,23,0.1922
3680,219,23,0.6326
3681,219,23,0.3195
3682,219,23,0.7780
3683,219,23,0.8677
3684,219,23,0.8248
4133,220,132,0.6955
4134,220,132,0.9587
4135,220,132,0.9762
4136,220,132,0.9461
4137,220,132,0.2983
4138,220,132,0.9550
803,210,23,0.0964
804,210,23,0.2052
805,210,23,0.4991
806,210,23,0.7707
807,210,23,0.6974
808,210,23,0.8347
809,210,23,0.7714
810,210,23,0.8684
811,210,23,0.8147
812,210,23,0.8735
3313,217,43,0.8354
3314,217,43,0.9265
3315,217,43,0.8533
3316,217,43,0.9081
3317,217,43,0.9212
3318,217,43,0.7418
3319,217,43,0.7564
3320,217,43,0.8494
3685,219,23,0.8496
3686,219,23,0.7694
3687,219,23,0.0719
3688,219,23,0.1515
3689,219,23,0.3970
3690,219,23,0.4781
3691,219,23,0.2678
3692,219,23,0.8589
3693,219,23,0.8899
3694,219,23,0.8679
4139,220,132,0.7849
4140,220,132,0.2273
4141,220,132,0.4671
813,210,23,0.1491
814,210,23,0.2775
815,210,23,0.6524
816,210,23,0.8250
817,210,23,0.8256
818,210,23,0.8660
819,210,23,0.8132
820,210,23,0.8762
821,210,23,0.8361
822,210,23,0.1285
3321,217,43,0.9438
3322,217,43,0.8754
3323,217,43,0.9578
3324,217,43,0.3168
3325,217,43,0.2304
3326,217,43,0.5141
3327,217,43,0.3227
3328,217,43,0.8671
3695,219,107,0.8856
3696,219,107,0.0982
3697,219,107,0.9279
3698,219,107,0.9597
3699,219,107,0.8793
3700,219,107,0.8959
3701,219,107,0.4199
3702,219,107,0.9524
3703,219,107,0.4758
4142,220,132,0.9314
4143,220,132,0.9408
4144,220,132,0.7007
4145,220,132,0.4963
823,210,23,0.8860
824,210,23,0.7103
825,210,23,0.8517
826,210,23,0.7888
827,210,23,0.8721
828,210,23,0.8074
829,210,23,0.8649
830,210,23,0.7943
831,210,23,0.8704
832,210,23,0.8122
3329,217,43,0.4336
3330,217,43,0.5934
3704,219,43,0.9463
3705,219,43,0.8225
3706,219,43,0.9138
3707,219,43,0.6273
3708,219,43,0.9241
3709,219,43,0.8683
3710,219,43,0.7172
3711,219,43,0.8437
3712,219,43,0.1239
3713,219,43,0.3322
4146,220,132,0.3879
4147,220,132,0.9614
4148,220,132,0.9439
4149,220,132,0.9728
4150,220,132,0.4411
4151,220,132,0.5470
833,210,23,0.1354
834,210,23,0.2143
835,210,23,0.5469
836,210,23,0.1601
837,210,23,0.3860
838,210,23,0.4437
839,210,23,0.7788
840,210,23,0.8145
841,210,23,0.8690
842,210,23,0.8232
3331,217,43,0.8268
3332,217,43,0.6404
3333,217,43,0.7474
3714,219,43,0.8345
3715,219,43,0.6390
3716,219,43,0.8072
3717,219,43,0.4977
3718,219,43,0.8729
3719,219,43,0.9559
3720,219,43,0.9785
3721,219,43,0.9903
3722,219,43,0.9912
3723,219,43,0.9933
4152,220,132,0.8608
4153,220,132,0.2033
4154,220,132,0.4529
843,210,23,0.1368
844,210,23,0.1253
845,210,23,0.8226
846,210,23,0.1541
847,210,23,0.2634
848,210,23,0.5398
849,210,23,0.6414
850,210,23,0.7835
851,210,23,0.8738
852,210,23,0.7880
3334,217,43,0.8987
3335,217,43,0.9740
3336,217,43,0.9805
3337,217,43,0.9748
3338,217,43,0.5483
3339,217,43,0.6765
3340,217,43,0.9543
3724,219,43,0.4791
3725,219,43,0.5138
3726,219,43,0.7038
3727,219,43,0.1986
3728,219,43,0.2741
3729,219,43,0.5665
3730,219,43,0.1206
3731,219,43,0.1942
3732,219,43,0.6200
3733,219,43,0.3492
4155,220,132,0.6978
4156,220,132,0.9138
4157,220,132,0.9210
4158,220,132,0.9529
4159,220,132,0.9458
4160,220,132,0.9634
4161,220,132,0.8337
4162,220,132,0.9527
4163,220,132,0.9757
4164,220,132,0.8183
853,210,23,0.1247
854,210,23,0.2359
855,210,23,0.7310
856,210,23,0.1315
857,210,23,0.3319
858,210,23,0.4733
859,210,23,0.8514
860,210,23,0.7592
861,210,23,0.8543
862,210,23,0.1950
3341,217,43,0.8743
3342,217,43,0.7431
3343,217,43,0.6670
3344,217,43,0.4451
3345,217,43,0.8896
3346,217,43,0.9441
3347,217,43,0.9755
3348,217,43,0.6422
3349,217,43,0.4136
3734,219,43,0.7673
3735,219,43,0.4922
3736,219,43,0.2370
3737,219,43,0.2863
3738,219,43,0.7479
3739,219,43,0.5985
3740,219,43,0.7268
3741,219,43,0.7170
3742,219,43,0.1935
3743,219,43,0.1546
4165,220,23,0.7062
4166,220,23,0.6207
4167,220,23,0.9281
4168,220,23,0.6308
4169,220,23,0.9111
4170,220,23,0.9741
4171,220,23,0.8600
4172,220,23,0.9213
4173,220,23,0.3996
4174,220,23,0.7536
863,210,23,0.1525
864,210,23,0.1357
865,210,23,0.6133
866,210,23,0.6882
867,210,23,0.7899
868,210,23,0.6872
869,210,23,0.7991
870,210,23,0.8784
871,210,23,0.8451
872,210,23,0.8722
3350,217,17,0.3299
3351,217,17,0.6193
3352,217,17,0.7186
3353,217,17,0.6756
3354,217,17,0.8539
3744,219,43,0.6181
3745,219,43,0.7713
3746,219,43,0.8055
3747,219,43,0.5070
3748,219,43,0.9068
3749,219,43,0.9650
3750,219,43,0.9836
3751,219,43,0.9881
3752,219,43,0.9913
3753,219,43,0.9931
4175,220,23,0.8384
4176,220,23,0.9705
4177,220,23,0.5676
873,210,23,0.7032
874,210,23,0.2351
875,210,23,0.7459
876,210,23,0.7578
877,210,23,0.8588
878,210,23,0.7935
879,210,23,0.8484
880,210,23,0.7943
881,210,23,0.8717
882,210,23,0.7777
3355,217,17,0.4240
3356,217,17,0.9564
3357,217,17,0.9761
3358,217,17,0.8363
3359,217,17,0.9707
3360,217,17,0.9650
3361,217,17,0.9786
3362,217,17,0.9598
3363,217,17,0.5037
3754,219,43,0.1186
3755,219,43,0.6249
3756,219,43,0.8726
3757,219,43,0.9627
3758,219,43,0.9847
3759,219,43,0.9921
3760,219,43,0.9933
3761,219,43,0.9945
3762,219,43,0.9956
3763,219,43,0.9910
4178,220,23,0.4807
4179,220,23,0.2053
4180,220,23,0.5857
4181,220,23,0.7326
4182,220,23,0.6994
4183,220,23,0.6042
4184,220,23,0.8765
4185,220,23,0.7360
4186,220,23,0.5563
4187,220,23,0.9107
883,210,23,0.5744
884,210,23,0.3089
885,210,23,0.6870
886,210,23,0.7741
887,210,23,0.8112
888,210,23,0.7930
889,210,23,0.8498
890,210,23,0.8125
891,210,23,0.8661
892,210,23,0.7996
3364,217,93,0.5377
3365,217,93,0.4890
3366,217,93,0.8852
3764,219,43,0.5760
3765,219,43,0.5492
3766,219,43,0.9291
3767,219,43,0.9403
3768,219,43,0.9200
3769,219,43,0.5878
3770,219,43,0.1969
3771,219,43,0.3699
3772,219,43,0.2758
3773,219,43,0.6022
4188,220,23,0.4103
4189,220,23,0.7173
4190,220,23,0.8737
893,210,23,0.8834
894,210,23,0.5064
895,210,23,0.2876
896,210,23,0.3713
897,210,23,0.4804
898,210,23,0.8387
899,210,23,0.7791
900,210,23,0.8702
901,210,23,0.8038
902,210,23,0.8543
3367,217,93,0.8049
3368,217,93,0.3780
3369,217,93,0.4544
3370,217,93,0.7284
3371,217,93,0.8424
3372,217,93,0.6607
3774,219,43,0.5243
3775,219,43,0.9502
3776,219,43,0.8015
3777,219,43,0.7709
3778,219,43,0.9593
3779,219,43,0.9729
3780,219,43,0.6115
3781,219,43,0.3524
3782,219,43,0.3623
3783,219,43,0.2553
4191,220,23,0.9164
4192,220,23,0.9689
4193,220,23,0.5745
4194,220,23,0.5703
903,210,23,0.5365
904,210,23,0.6410
905,210,23,0.1806
906,210,23,0.3666
907,210,23,0.4315
908,210,23,0.7491
909,210,23,0.1861
910,210,23,0.7466
911,210,23,0.7797
912,210,23,0.8487
3373,217,93,0.4206
3374,217,93,0.4939
3375,217,93,0.9479
3376,217,93,0.9738
3377,217,93,0.9721
3378,217,93,0.8202
3379,217,93,0.8285
3380,217,93,0.7622
3381,217,93,0.1072
3784,219,17,0.5557
3785,219,17,0.5884
3786,219,17,0.3806
3787,219,17,0.5568
3788,219,17,0.2335
3789,219,17,0.6868
3790,219,17,0.7613
3791,219,17,0.8326
3792,219,17,0.8229
3793,219,17,0.9097
4195,220,23,0.7294
4196,220,23,0.0367
4197,220,23,0.3524
913,210,23,0.1419
914,210,23,0.2361
915,210,23,0.6350
916,210,23,0.7620
917,210,23,0.7440
918,210,23,0.8551
919,210,23,0.8049
920,210,23,0.8769
921,210,23,0.2076
922,210,23,0.3998
3382,217,93,0.5657
3383,217,93,0.9422
3384,217,93,0.8878
3385,217,93,0.8371
3386,217,93,0.7957
3794,219,17,0.8654
3795,219,17,0.5714
3796,219,17,0.5737
3797,219,17,0.9015
3798,219,17,0.5282
3799,219,17,0.2629
3800,219,17,0.5134
3801,219,17,0.4560
3802,219,17,0.8912
3803,219,17,0.9544
4198,220,23,0.7581
4199,220,23,0.1107
4200,220,23,0.4102
4201,220,23,0.7609
4202,220,23,0.7900
4203,220,23,0.9543
4204,220,23,0.9836
4205,220,23,0.9915
4206,220,23,0.9931
4207,220,23,0.9721
923,210,23,0.4359
924,210,23,0.1809
925,210,23,0.6628
926,210,23,0.8578
927,210,23,0.7979
928,210,23,0.8653
929,210,23,0.8033
930,210,23,0.8650
931,210,23,0.7926
932,210,23,0.8557
3387,217,93,0.7160
3388,217,93,0.5721
3804,219,17,0.6425
3805,219,17,0.7700
3806,219,17,0.6059
3807,219,17,0.6907
3808,219,17,0.9286
3809,219,17,0.9717
3810,219,17,0.5667
3811,219,17,0.7899
3812,219,17,0.9255
3813,219,17,0.9663
4208,220,23,0.9222
4209,220,23,0.0421
4210,220,23,0.3235
933,210,23,0.1587
934,210,23,0.2265
935,210,23,0.5058
936,210,23,0.8017
937,210,23,0.7703
938,210,23,0.8567
939,210,23,0.7725
940,210,23,0.8667
941,210,23,0.8398
942,210,23,0.8709
3389,217,93,0.0754
3390,217,93,0.6555
3814,219,17,0.2989
3815,219,17,0.2255
3816,219,17,0.4804
3817,219,17,0.6706
3818,219,17,0.3080
3819,219,17,0.6812
3820,219,17,0.7670
3821,219,17,0.9054
3822,219,17,0.8388
3823,219,17,0.9535
4211,220,23,0.8182
4212,220,23,0.8641
4213,220,23,0.9208
4214,220,23,0.8924
4215,220,23,0.3654
4216,220,23,0.0732
4217,220,23,0.2535
943,210,23,0.0983
944,210,23,0.1586
945,210,23,0.7315
946,210,23,0.8578
947,210,23,0.7631
948,210,23,0.8389
949,210,23,0.7568
950,210,23,0.8567
951,210,23,0.7717
952,210,23,0.8496
3391,217,93,0.7251
3392,217,93,0.6290
3824,219,17,0.5517
3825,219,17,0.3709
3826,219,17,0.8080
3827,219,17,0.9295
3828,219,17,0.9604
3829,219,17,0.0247
3830,219,17,0.6616
3831,219,17,0.2217
3832,219,17,0.1874
3833,219,17,0.3466
4218,220,23,0.9030
4219,220,23,0.6982
953,210,23,0.1188
954,210,23,0.2779
955,210,23,0.7731
956,210,23,0.8684
957,210,23,0.7925
958,210,23,0.1749
959,210,23,0.2273
960,210,23,0.5571
961,210,23,0.8602
962,210,23,0.8012
3393,217,93,0.7486
3394,217,93,0.9323
3395,217,93,0.9462
3396,217,93,0.4265
3397,217,93,0.0551
3834,219,17,0.7174
3835,219,17,0.6833
3836,219,17,0.8343
3837,219,17,0.8691
3838,219,17,0.1915
3839,219,17,0.6574
3840,219,17,0.6712
3841,219,17,0.1870
3842,219,17,0.8344
3843,219,17,0.7818
4220,220,23,0.8706
4221,220,23,0.2858
4222,220,23,0.7112
4223,220,23,0.7829
4224,220,23,0.9552
4225,220,23,0.9796
4226,220,23,0.9622
4227,220,23,0.0598
963,210,23,0.3172
964,210,23,0.1292
965,210,23,0.6314
966,210,23,0.7473
3398,217,93,0.9222
3399,217,93,0.7072
3400,217,93,0.7421
3401,217,93,0.9476
3402,217,93,0.9057
3403,217,93,0.4724
3844,219,17,0.8674
3845,219,17,0.9510
3846,219,17,0.0293
3847,219,17,0.2201
3848,219,17,0.6689
3849,219,17,0.2506
3850,219,17,0.3949
3851,219,17,0.8010
3852,219,17,0.3723
3853,219,17,0.6539
4228,220,23,0.9241
4229,220,23,0.7985
4230,220,23,0.5066
4231,220,23,0.7229
4232,220,23,0.9464
4233,220,23,0.7313
4234,220,23,0.9681
4235,220,23,0.9781
4236,220,23,0.5444
4237,220,23,0.9629
3404,217,93,0.6379
3405,217,93,0.6075
3854,219,17,0.3031
3855,219,17,0.3337
3856,219,17,0.1264
3857,219,17,0.6879
3858,219,17,0.2832
3859,219,17,0.3552
3860,219,17,0.3853
3861,219,17,0.8712
3862,219,17,0.4346
3863,219,17,0.5675
4238,220,107,0.7234
4239,220,107,0.9019
4240,220,107,0.7981
4241,220,107,0.9644
4242,220,107,0.9804
4243,220,107,0.4279
4244,220,107,0.9204
4245,220,107,0.9489
4246,220,107,0.9673
4412,221,132,0.8187
4413,221,132,0.5112
4414,221,132,0.8864
4415,221,132,0.9304
4416,221,132,0.0290
4417,221,132,0.8199
4418,221,132,0.9696
4419,221,132,0.9615
4420,221,132,0.9449
4421,221,132,0.9689
3406,217,93,0.8344
3407,217,93,0.9695
3408,217,93,0.8390
3409,217,93,0.2707
3410,217,93,0.7471
3411,217,93,0.9588
3412,217,93,0.8869
3413,217,93,0.5566
3414,217,93,0.9513
3415,217,93,0.5362
3864,219,17,0.0679
3865,219,17,0.5858
3866,219,17,0.4852
3867,219,17,0.8246
3868,219,17,0.0970
3869,219,17,0.7629
3870,219,17,0.8534
3871,219,17,0.8883
3872,219,17,0.9015
3873,219,17,0.9338
4247,220,43,0.7275
4248,220,43,0.5410
4422,221,132,0.8784
4423,221,132,0.9057
4424,221,132,0.9727
4425,221,132,0.9812
4426,221,132,0.9811
4427,221,132,0.1826
4428,221,132,0.5516
4429,221,132,0.9354
4430,221,132,0.5398
4431,221,132,0.7732
3416,217,93,0.9217
3417,217,93,0.3385
3418,217,93,0.7728
3874,219,17,0.5095
3875,219,17,0.8247
3876,219,17,0.9559
3877,219,17,0.7193
3878,219,17,0.4656
3879,219,17,0.4149
3880,219,17,0.6669
3881,219,17,0.1643
3882,219,17,0.6993
3883,219,17,0.7433
4249,220,43,0.7231
4250,220,43,0.9432
4251,220,43,0.9039
4252,220,43,0.9353
4253,220,43,0.9052
4254,220,43,0.4757
4255,220,43,0.5278
4256,220,43,0.7996
4257,220,43,0.4931
4432,221,132,0.7541
4433,221,132,0.1973
4434,221,132,0.3941
4435,221,132,0.5671
4436,221,132,0.7419
4437,221,132,0.9648
4438,221,132,0.7589
4439,221,132,0.8879
4440,221,132,0.8216
4441,221,132,0.9477
3419,217,93,0.5269
3420,217,93,0.9483
3421,217,93,0.9667
3422,217,93,0.2588
3423,217,93,0.7423
3424,217,93,0.9443
3425,217,93,0.8132
3426,217,93,0.8159
3884,219,17,0.3877
3885,219,17,0.3904
3886,219,17,0.7869
3887,219,17,0.1940
3888,219,17,0.6762
3889,219,17,0.2875
3890,219,17,0.5126
3891,219,17,0.3729
3892,219,17,0.6780
3893,219,17,0.5891
4258,220,43,0.7346
4259,220,43,0.9286
4260,220,43,0.4030
4261,220,43,0.9198
4262,220,43,0.8169
4263,220,43,0.9414
4264,220,43,0.8623
4265,220,43,0.5801
4442,221,132,0.9607
4443,221,132,0.2358
4444,221,132,0.3565
4445,221,132,0.9421
4446,221,132,0.9772
4447,221,132,0.9059
4448,221,132,0.5092
4449,221,132,0.7750
4450,221,132,0.9501
4451,221,132,0.1004
3427,217,93,0.9212
3428,217,93,0.9602
3429,217,93,0.0801
3430,217,93,0.4625
3894,219,17,0.1914
3895,219,17,0.6225
3896,219,17,0.1974
3897,219,17,0.6381
3898,219,17,0.3450
3899,219,17,0.8082
3900,219,17,0.9101
3901,219,17,0.0492
3902,219,17,0.8623
3903,219,17,0.7616
4266,220,43,0.6327
4267,220,43,0.5770
4452,221,132,0.8608
4453,221,132,0.8898
4454,221,132,0.9722
4455,221,132,0.9415
4456,221,132,0.8584
4457,221,132,0.9617
4458,221,132,0.2322
4459,221,132,0.8769
4460,221,132,0.9755
4461,221,132,0.9849
3431,217,93,0.8078
3432,217,93,0.2841
3433,217,93,0.7533
3904,219,17,0.0678
3905,219,17,0.3151
3906,219,17,0.4962
3907,219,17,0.8705
3908,219,17,0.9369
3909,219,17,0.9496
3910,219,17,0.9636
3911,219,17,0.9705
3912,219,17,0.9776
3913,219,17,0.9795
4268,220,43,0.1303
4269,220,43,0.9274
4462,221,132,0.8483
4463,221,132,0.9695
4464,221,132,0.9632
4465,221,132,0.4334
4466,221,132,0.9591
4467,221,132,0.5294
3434,217,93,0.8213
3435,217,93,0.7089
3436,217,93,0.8173
3914,219,17,0.1360
3915,219,17,0.5791
3916,219,17,0.1851
3917,219,17,0.6870
3918,219,17,0.8506
3919,219,17,0.8142
3920,219,17,0.1321
3921,219,17,0.6364
3922,219,17,0.5838
3923,219,17,0.7900
4270,220,43,0.9138
4271,220,43,0.9740
4272,220,43,0.9749
4273,220,43,0.7032
4274,220,43,0.3055
4275,220,43,0.7298
4276,220,43,0.2129
4277,220,43,0.6211
4468,221,132,0.1107
4469,221,132,0.7089
3437,217,93,0.6427
3438,217,93,0.6900
3439,217,93,0.8456
3924,219,17,0.2492
3925,219,17,0.5774
3926,219,17,0.8431
3927,219,17,0.8269
3928,219,17,0.1493
3929,219,17,0.7910
3930,219,17,0.3721
3931,219,17,0.6733
3932,219,17,0.3599
3933,219,17,0.7979
4278,220,43,0.8416
4279,220,43,0.5020
4280,220,43,0.6696
4281,220,43,0.6298
4282,220,43,0.6120
4283,220,43,0.3770
4284,220,43,0.5538
4285,220,43,0.8420
4286,220,43,0.9517
4287,220,43,0.8932
4470,221,132,0.8465
4471,221,132,0.9144
4472,221,132,0.5653
4473,221,132,0.7500
3440,217,93,0.9135
3441,217,93,0.5047
3442,217,93,0.2625
3934,219,17,0.4175
3935,219,17,0.5541
3936,219,17,0.8121
3937,219,17,0.7744
3938,219,17,0.1425
3939,219,17,0.7134
3940,219,17,0.2723
3941,219,17,0.4862
3942,219,17,0.7214
3943,219,17,0.1901
4288,220,43,0.8363
4289,220,43,0.8934
4290,220,43,0.7078
4291,220,43,0.8782
4292,220,43,0.1000
4293,220,43,0.2568
4474,221,132,0.5469
4475,221,132,0.6156
4476,221,132,0.9564
4477,221,132,0.3964
4478,221,132,0.9475
4479,221,132,0.9761
4480,221,132,0.9721
4481,221,132,0.9505
4482,221,132,0.9791
4483,221,132,0.9825
3443,217,93,0.7904
3444,217,93,0.9577
3445,217,93,0.9251
3446,217,93,0.8654
3447,217,93,0.2473
3448,217,93,0.9042
3449,217,93,0.9407
3450,217,93,0.9781
3451,217,93,0.9797
3944,219,17,0.5005
3945,219,17,0.1127
3946,219,17,0.6833
3947,219,17,0.5779
3948,219,17,0.0843
3949,219,17,0.4286
3950,219,17,0.7365
3951,219,17,0.2738
3952,219,17,0.3768
3953,219,17,0.4510
4294,220,43,0.8301
4295,220,43,0.8001
4296,220,43,0.2222
4297,220,43,0.8180
4298,220,43,0.5981
4299,220,43,0.8840
4300,220,43,0.5059
4301,220,43,0.9532
4302,220,43,0.9749
4303,220,43,0.5977
4484,221,23,0.4311
4485,221,23,0.6066
3452,217,43,0.2135
3954,219,17,0.2643
3955,219,17,0.6901
3956,219,17,0.8393
3957,219,17,0.8003
3958,219,17,0.8622
3959,219,17,0.7942
3960,219,17,0.8763
3961,219,17,0.1851
3962,219,17,0.6253
3963,219,17,0.6477
4304,220,43,0.8912
4305,220,43,0.9432
4306,220,43,0.7170
4307,220,43,0.9551
4308,220,43,0.9273
4309,220,43,0.9341
4310,220,43,0.9678
4311,220,43,0.9025
4312,220,43,0.3619
4313,220,43,0.6327
4486,221,23,0.9190
4487,221,23,0.9726
4488,221,23,0.8301
4489,221,23,0.9120
3964,219,17,0.9310
3965,219,17,0.6822
3966,219,17,0.9205
3967,219,17,0.4120
3968,219,17,0.8318
3969,219,17,0.5888
3970,219,17,0.7262
3971,219,17,0.8652
3972,219,17,0.9642
3973,219,17,0.9806
4314,220,43,0.6396
4315,220,43,0.9434
4316,220,43,0.9350
4317,220,43,0.1774
4318,220,43,0.6468
4319,220,43,0.5208
4320,220,43,0.8722
4490,221,23,0.2683
4491,221,23,0.5828
4709,222,132,0.6397
4710,222,132,0.8364
4711,222,132,0.5659
4712,222,132,0.8084
4713,222,132,0.8570
4714,222,132,0.9070
4715,222,132,0.7784
4716,222,132,0.9644
4717,222,132,0.9082
4718,222,132,0.5615
3974,219,17,0.2659
3975,219,17,0.8153
3976,219,17,0.8141
3977,219,17,0.8757
3978,219,17,0.9204
3979,219,17,0.9746
3980,219,17,0.9807
3981,219,17,0.9853
3982,219,17,0.9868
3983,219,17,0.9867
4321,220,43,0.8828
4322,220,43,0.6345
4323,220,43,0.9237
4492,221,23,0.5283
4493,221,23,0.4716
4494,221,23,0.4074
4495,221,23,0.7006
4719,222,132,0.8001
4720,222,132,0.1702
4721,222,132,0.8916
4722,222,132,0.9060
4723,222,132,0.5436
4724,222,132,0.8926
4725,222,132,0.9220
4726,222,132,0.2669
4727,222,132,0.8137
4728,222,132,0.1014
3984,219,17,0.1127
3985,219,17,0.3827
3986,219,17,0.1157
3987,219,17,0.6216
3988,219,17,0.2131
3989,219,17,0.6441
3990,219,17,0.2957
3991,219,17,0.7658
3992,219,17,0.2540
3993,219,17,0.5903
4324,220,43,0.5039
4325,220,43,0.9237
4326,220,43,0.4717
4327,220,43,0.9262
4496,221,23,0.8352
4497,221,23,0.8076
4498,221,23,0.6310
4729,222,132,0.8370
4730,222,132,0.9335
4731,222,132,0.9102
4732,222,132,0.0702
4733,222,132,0.8833
4734,222,132,0.8615
4735,222,132,0.4958
4736,222,132,0.9524
4737,222,132,0.9684
4738,222,132,0.4171
3994,219,17,0.6026
3995,219,17,0.2791
3996,219,17,0.5668
3997,219,17,0.1233
3998,219,17,0.5763
3999,219,17,0.7195
4000,219,17,0.8963
4001,219,17,0.9698
4002,219,17,0.4234
4003,219,17,0.9164
4328,220,43,0.9067
4329,220,43,0.9647
4330,220,43,0.9605
4331,220,43,0.9508
4332,220,43,0.8731
4333,220,43,0.5113
4334,220,43,0.9552
4335,220,43,0.9523
4336,220,43,0.9454
4499,221,23,0.9122
4500,221,23,0.4474
4501,221,23,0.2570
4502,221,23,0.5248
4503,221,23,0.9516
4504,221,23,0.4367
4505,221,23,0.8275
4506,221,23,0.9682
4507,221,23,0.3462
4739,222,132,0.1041
4740,222,132,0.2489
4741,222,132,0.5349
4742,222,132,0.9025
4743,222,132,0.9557
4744,222,132,0.9705
4745,222,132,0.9692
4746,222,132,0.9785
4747,222,132,0.9838
4748,222,132,0.9862
4004,219,93,0.5419
4005,219,93,0.2189
4006,219,93,0.5399
4007,219,93,0.5394
4008,219,93,0.3703
4009,219,93,0.3768
4010,219,93,0.7535
4011,219,93,0.1350
4012,219,93,0.6822
4013,219,93,0.6390
4337,220,17,0.7844
4338,220,17,0.7930
4339,220,17,0.3465
4340,220,17,0.9028
4341,220,17,0.6521
4342,220,17,0.0880
4343,220,17,0.4788
4344,220,17,0.8864
4345,220,17,0.9532
4346,220,17,0.9705
4508,221,23,0.8850
4509,221,23,0.9685
4510,221,23,0.5396
4511,221,23,0.9443
4512,221,23,0.2172
4513,221,23,0.4073
4749,222,132,0.4905
4750,222,132,0.7874
4751,222,132,0.2326
4752,222,132,0.9396
4753,222,132,0.9089
4754,222,132,0.9553
4755,222,132,0.9681
4756,222,132,0.9793
4757,222,132,0.9852
4758,222,132,0.9883
4014,219,93,0.4337
4015,219,93,0.9329
4016,219,93,0.9760
4017,219,93,0.8913
4018,219,93,0.8075
4019,219,93,0.7556
4020,219,93,0.6927
4021,219,93,0.8883
4022,219,93,0.9294
4023,219,93,0.1871
4347,220,17,0.4480
4348,220,17,0.6791
4514,221,23,0.9213
4515,221,23,0.7759
4516,221,23,0.5577
4517,221,23,0.9542
4518,221,23,0.0687
4519,221,23,0.3637
4520,221,23,0.8682
4521,221,23,0.9352
4522,221,23,0.8618
4523,221,23,0.9022
4759,222,132,0.6650
4760,222,132,0.9545
4761,222,132,0.9755
4762,222,132,0.9800
4763,222,132,0.9830
4764,222,132,0.9765
4765,222,132,0.9542
4766,222,132,0.4390
4767,222,132,0.9572
4768,222,132,0.9807
4024,219,93,0.2733
4025,219,93,0.7981
4026,219,93,0.4440
4027,219,93,0.4590
4028,219,93,0.7025
4029,219,93,0.2367
4030,219,93,0.7341
4031,219,93,0.7767
4032,219,93,0.8749
4033,219,93,0.2849
4349,220,17,0.6443
4350,220,17,0.5770
4351,220,17,0.9437
4352,220,17,0.3824
4353,220,17,0.8139
4354,220,17,0.9668
4355,220,17,0.4368
4524,221,23,0.8642
4525,221,23,0.3753
4526,221,23,0.9537
4527,221,23,0.1557
4528,221,23,0.4217
4769,222,23,0.9044
4770,222,23,0.5199
4771,222,23,0.9590
4772,222,23,0.5558
4773,222,23,0.9548
4774,222,23,0.9616
4775,222,23,0.6693
4776,222,23,0.8213
4777,222,23,0.9670
4778,222,23,0.3140
4034,219,93,0.6782
4035,219,93,0.2922
4036,219,93,0.3537
4037,219,93,0.2879
4356,220,17,0.9284
4357,220,17,0.6355
4358,220,17,0.5565
4359,220,17,0.1056
4529,221,23,0.7475
4530,221,23,0.9338
4531,221,23,0.8485
4532,221,23,0.7849
4533,221,23,0.0583
4534,221,23,0.6703
4535,221,23,0.4671
4536,221,23,0.6031
4537,221,23,0.2702
4779,222,23,0.8150
4780,222,23,0.3925
4781,222,23,0.3892
4782,222,23,0.5190
4783,222,23,0.6168
4784,222,23,0.7882
4785,222,23,0.9000
4786,222,23,0.8935
4787,222,23,0.9449
4788,222,23,0.8839
4038,219,93,0.6584
4039,219,93,0.7547
4040,219,93,0.1024
4041,219,93,0.4313
4360,220,17,0.9237
4361,220,17,0.9302
4362,220,17,0.7021
4363,220,17,0.2917
4538,221,23,0.6814
4539,221,23,0.9611
4540,221,23,0.4203
4541,221,23,0.5019
4789,222,23,0.5751
4790,222,23,0.4964
4791,222,23,0.2882
4792,222,23,0.5160
4793,222,23,0.4854
4794,222,23,0.8968
4795,222,23,0.9741
4796,222,23,0.8258
4797,222,23,0.9462
4798,222,23,0.5542
4042,219,93,0.9206
4043,219,93,0.8179
4044,219,93,0.8384
4045,219,93,0.7714
4364,220,17,0.7451
4365,220,17,0.8302
4366,220,17,0.7028
4367,220,17,0.9336
4368,220,17,0.9419
4369,220,17,0.9764
4370,220,17,0.9348
4371,220,17,0.9558
4372,220,17,0.1562
4542,221,23,0.7960
4543,221,23,0.9397
4544,221,23,0.9697
4545,221,23,0.4924
4546,221,23,0.7270
4547,221,23,0.4702
4799,222,23,0.8926
4800,222,23,0.3324
4801,222,23,0.9568
4802,222,23,0.4358
4803,222,23,0.8420
4804,222,23,0.7611
4805,222,23,0.8909
4806,222,23,0.6707
4807,222,23,0.9496
4808,222,23,0.9757
4046,219,93,0.4843
4047,219,93,0.4980
4048,219,93,0.1631
4373,220,17,0.6923
4374,220,17,0.7183
4375,220,17,0.3892
4376,220,17,0.7528
4548,221,23,0.4188
4549,221,23,0.7733
4809,222,23,0.6116
4810,222,23,0.6235
4811,222,23,0.8075
4812,222,23,0.7147
4813,222,23,0.8545
4814,222,23,0.8505
4815,222,23,0.9715
4816,222,23,0.1767
4817,222,23,0.5685
4818,222,23,0.4656
4049,219,93,0.9185
4050,219,93,0.4590
4051,219,93,0.7539
4052,219,93,0.7435
4377,220,17,0.9108
4378,220,17,0.9761
4379,220,17,0.9794
4380,220,17,0.7823
4381,220,17,0.9044
4382,220,17,0.1743
4383,220,17,0.7088
4384,220,17,0.5701
4385,220,17,0.2247
4386,220,17,0.7337
4550,221,23,0.9135
4551,221,23,0.8587
4552,221,23,0.6969
4553,221,23,0.5958
4554,221,23,0.5770
4819,222,23,0.5028
4820,222,23,0.8051
4821,222,23,0.8453
4822,222,23,0.9470
4823,222,23,0.8054
4824,222,23,0.6567
4825,222,23,0.3078
4826,222,23,0.5808
4827,222,23,0.9108
4828,222,23,0.9683
4053,219,93,0.8364
4054,219,93,0.0564
4055,219,93,0.9568
4056,219,93,0.7659
4387,220,17,0.8499
4388,220,17,0.8013
4389,220,17,0.5149
4390,220,17,0.9138
4391,220,17,0.1500
4392,220,17,0.8709
4555,221,23,0.6712
4556,221,23,0.5715
4829,222,23,0.5671
4830,222,23,0.9212
4831,222,23,0.9386
4832,222,23,0.5798
4833,222,23,0.6920
4834,222,23,0.7644
4835,222,23,0.9368
4836,222,23,0.9761
4837,222,23,0.9822
4838,222,23,0.9854
4057,219,93,0.2253
4058,219,93,0.1016
4059,219,93,0.7925
4060,219,93,0.7671
4393,220,17,0.5983
4394,220,17,0.8726
4395,220,17,0.8852
4396,220,17,0.9124
4397,220,17,0.8315
4398,220,17,0.5020
4399,220,17,0.9325
4400,220,17,0.9698
4401,220,17,0.6671
4402,220,17,0.9465
4557,221,23,0.9104
4558,221,23,0.6975
4559,221,23,0.8566
4560,221,23,0.9490
4561,221,23,0.9763
4562,221,23,0.5162
4563,221,23,0.5658
4564,221,23,0.6663
4839,222,23,0.9247
4840,222,23,0.8508
4841,222,23,0.9569
4842,222,23,0.9502
4843,222,23,0.6473
4844,222,23,0.8205
4845,222,23,0.9071
4846,222,23,0.9031
4847,222,23,0.6803
4848,222,23,0.8520
4061,219,93,0.5529
4062,219,93,0.3712
4063,219,93,0.2909
4064,219,93,0.3319
4403,220,93,0.9115
4404,220,93,0.8315
4405,220,93,0.9383
4406,220,93,0.9401
4407,220,93,0.6941
4408,220,93,0.9495
4409,220,93,0.4413
4410,220,93,0.9604
4411,220,93,0.4706
4565,221,23,0.5858
4566,221,23,0.8858
4567,221,23,0.9735
4568,221,23,0.5390
4569,221,23,0.8291
4570,221,23,0.9365
4571,221,23,0.8545
4572,221,23,0.1367
4573,221,23,0.2054
4849,222,23,0.8550
4850,222,23,0.3894
4851,222,23,0.7768
4852,222,23,0.9516
4853,222,23,0.9555
4854,222,23,0.9795
4855,222,23,0.9846
4856,222,23,0.9850
4857,222,23,0.9873
4858,222,23,0.9872
4065,219,93,0.3157
4066,219,93,0.3449
4067,219,93,0.1682
4574,221,23,0.9636
4575,221,23,0.4044
4576,221,23,0.9322
4577,221,23,0.9351
4578,221,23,0.9759
4579,221,23,0.9793
4580,221,23,0.9807
4581,221,23,0.9755
4582,221,23,0.8812
4859,222,23,0.8669
4860,222,23,0.7773
4861,222,23,0.9159
4862,222,23,0.3811
4863,222,23,0.3538
4864,222,23,0.4331
4865,222,23,0.8929
4866,222,23,0.7032
4867,222,23,0.5046
4868,222,23,0.3221
5378,223,132,0.8272
5379,223,132,0.7676
5380,223,132,0.8078
5381,223,132,0.9612
5382,223,132,0.5036
5383,223,132,0.9546
5384,223,132,0.9661
5385,223,132,0.4898
5386,223,132,0.2966
5387,223,132,0.8478
4068,219,93,0.0731
4069,219,93,0.6770
4070,219,93,0.9008
4583,221,107,0.8783
4584,221,107,0.9408
4585,221,107,0.3363
4586,221,107,0.8226
4587,221,107,0.7482
4588,221,107,0.1659
4869,222,23,0.8834
4870,222,23,0.7428
4871,222,23,0.8763
4872,222,23,0.7117
4873,222,23,0.3976
4874,222,23,0.8262
4875,222,23,0.9567
4876,222,23,0.9780
4877,222,23,0.9835
4878,222,23,0.9864
5388,223,132,0.9299
5389,223,132,0.8347
5390,223,132,0.9378
5391,223,132,0.3775
5392,223,132,0.9363
5393,223,132,0.9604
5394,223,132,0.9440
5395,223,132,0.9720
5396,223,132,0.5054
5397,223,132,0.9571
4071,219,93,0.9251
4072,219,93,0.3557
4073,219,93,0.2661
4589,221,107,0.9459
4590,221,107,0.9304
4591,221,107,0.5705
4592,221,107,0.6383
4593,221,107,0.8546
4594,221,107,0.1743
4879,222,23,0.7263
4880,222,23,0.9644
4881,222,23,0.9765
4882,222,23,0.7492
4883,222,23,0.9249
4884,222,23,0.6248
4885,222,23,0.9026
4886,222,23,0.6018
4887,222,23,0.2316
4888,222,23,0.9107
5398,223,23,0.7507
5399,223,23,0.8465
4074,219,93,0.9284
4075,219,93,0.3744
4076,219,93,0.2250
4595,221,107,0.5518
4596,221,107,0.9556
4597,221,107,0.9311
4598,221,107,0.9386
4599,221,107,0.4676
4600,221,107,0.5131
4601,221,107,0.9529
4602,221,107,0.9323
4603,221,107,0.9463
4889,222,23,0.7006
4890,222,23,0.2537
4891,222,23,0.6978
4892,222,23,0.9174
4893,222,23,0.9559
4894,222,23,0.9733
4895,222,23,0.9799
4896,222,23,0.9833
4897,222,23,0.9863
4898,222,23,0.9873
5400,223,23,0.6476
5401,223,23,0.8850
5402,223,23,0.0591
4077,219,93,0.8344
4078,219,93,0.4015
4079,219,93,0.2122
4604,221,43,0.8651
4605,221,43,0.8598
4606,221,43,0.8478
4607,221,43,0.8397
4608,221,43,0.5346
4609,221,43,0.9361
4610,221,43,0.6537
4611,221,43,0.3073
4899,222,23,0.4978
4900,222,23,0.1482
4901,222,23,0.6980
4902,222,23,0.7752
4903,222,23,0.8701
4904,222,23,0.9471
4905,222,23,0.1063
4906,222,23,0.9272
4907,222,23,0.3555
4908,222,23,0.5976
5403,223,23,0.6148
5404,223,23,0.7521
5405,223,23,0.6329
5406,223,23,0.3231
5407,223,23,0.5879
5408,223,23,0.4591
4080,219,93,0.5636
4081,219,93,0.4639
4082,219,93,0.2890
4612,221,43,0.7904
4613,221,43,0.7493
4614,221,43,0.9375
4615,221,43,0.9584
4616,221,43,0.7864
4617,221,43,0.4934
4618,221,43,0.3174
4619,221,43,0.7430
4620,221,43,0.9046
4909,222,23,0.8715
4910,222,23,0.4127
4911,222,23,0.5218
4912,222,23,0.9499
4913,222,23,0.9624
4914,222,23,0.9786
4915,222,23,0.9783
4916,222,23,0.2387
4917,222,23,0.2203
4918,222,23,0.7994
5409,223,23,0.9297
5410,223,23,0.9591
5411,223,23,0.3024
5412,223,23,0.1604
4083,219,93,0.8778
4084,219,93,0.9713
4085,219,93,0.9779
4086,219,93,0.9816
4087,219,93,0.9060
4088,219,93,0.5201
4089,219,93,0.8614
4090,219,93,0.3161
4091,219,93,0.4814
4092,219,93,0.9631
4621,221,43,0.8067
4622,221,43,0.9691
4623,221,43,0.9729
4624,221,43,0.9536
4625,221,43,0.9451
4626,221,43,0.9314
4627,221,43,0.8691
4628,221,43,0.5952
4629,221,43,0.7707
4630,221,43,0.0999
4919,222,23,0.9315
4920,222,23,0.7120
4921,222,23,0.4516
4922,222,23,0.6569
4923,222,23,0.9251
4924,222,23,0.9655
4925,222,23,0.9689
4926,222,23,0.9789
4927,222,23,0.9839
4928,222,23,0.9852
5413,223,23,0.9143
5414,223,23,0.7409
4093,219,93,0.9255
4094,219,93,0.9776
4095,219,93,0.1676
4096,219,93,0.5015
4097,219,93,0.9440
4098,219,93,0.9605
4099,219,93,0.9515
4100,219,93,0.9141
4101,219,93,0.9523
4102,219,93,0.9771
4631,221,17,0.9087
4632,221,17,0.5543
4633,221,17,0.6717
4634,221,17,0.9442
4635,221,17,0.6104
4636,221,17,0.9487
4637,221,17,0.7412
4638,221,17,0.5792
4929,222,23,0.8666
4930,222,23,0.5972
4931,222,23,0.4433
4932,222,23,0.3516
4933,222,23,0.6477
4934,222,23,0.3470
4935,222,23,0.8786
4936,222,23,0.8231
4937,222,23,0.8755
4938,222,23,0.8067
5415,223,23,0.2632
5416,223,23,0.5680
5417,223,23,0.9519
5418,223,23,0.5686
5419,223,23,0.5584
5420,223,23,0.6695
4639,221,17,0.8688
4640,221,17,0.9629
4641,221,17,0.6325
4642,221,17,0.9318
4643,221,17,0.6493
4644,221,17,0.1130
4939,222,23,0.9020
4940,222,23,0.4308
4941,222,23,0.7809
4942,222,23,0.7926
4943,222,23,0.9432
4944,222,23,0.9761
4945,222,23,0.9221
4946,222,23,0.7865
4947,222,23,0.4740
4948,222,23,0.7866
5421,223,23,0.2455
5422,223,23,0.5934
6031,224,132,0.8051
6032,224,132,0.0563
6033,224,132,0.3129
6034,224,132,0.6149
6035,224,132,0.9239
6036,224,132,0.9548
6037,224,132,0.3523
6038,224,132,0.7657
6039,224,132,0.9285
6040,224,132,0.9717
4645,221,17,0.5308
4646,221,17,0.5631
4949,222,107,0.5902
4950,222,107,0.8621
4951,222,107,0.9388
4952,222,107,0.6147
4953,222,107,0.9236
4954,222,107,0.7963
4955,222,107,0.9676
4956,222,107,0.9662
4957,222,107,0.9324
4958,222,107,0.9784
5423,223,23,0.8471
5424,223,23,0.9700
5425,223,23,0.7778
6041,224,132,0.8446
6042,224,132,0.8721
6043,224,132,0.2297
6044,224,132,0.2122
6045,224,132,0.1818
6046,224,132,0.2573
4647,221,17,0.5138
4648,221,17,0.5824
4959,222,43,0.8647
4960,222,43,0.9505
4961,222,43,0.7706
4962,222,43,0.4159
4963,222,43,0.6359
4964,222,43,0.7297
4965,222,43,0.2841
4966,222,43,0.7602
4967,222,43,0.6942
4968,222,43,0.6420
5426,223,23,0.7649
5427,223,23,0.9630
5428,223,23,0.9787
5429,223,23,0.7758
5430,223,23,0.5100
5431,223,23,0.8408
5432,223,23,0.9605
5433,223,23,0.4416
5434,223,23,0.7140
5435,223,23,0.9198
6047,224,132,0.9178
6048,224,132,0.9411
6049,224,132,0.4217
6050,224,132,0.5701
6051,224,132,0.7798
6052,224,132,0.9419
6053,224,132,0.7232
6054,224,132,0.9300
6055,224,132,0.9705
6056,224,132,0.9139
4649,221,17,0.3173
4650,221,17,0.9449
4651,221,17,0.7380
4969,222,43,0.9069
4970,222,43,0.9350
4971,222,43,0.9320
4972,222,43,0.9107
4973,222,43,0.9430
4974,222,43,0.7405
4975,222,43,0.9440
4976,222,43,0.5539
4977,222,43,0.7086
4978,222,43,0.5138
5436,223,23,0.5253
5437,223,23,0.5232
5438,223,23,0.7913
5439,223,23,0.7087
5440,223,23,0.9429
5441,223,23,0.9803
5442,223,23,0.9868
5443,223,23,0.9927
5444,223,23,0.9929
5445,223,23,0.9946
6057,224,132,0.9338
6058,224,132,0.9441
6059,224,132,0.9607
6060,224,132,0.9455
6061,224,132,0.9765
6062,224,132,0.9770
6063,224,132,0.9309
6064,224,132,0.8826
6065,224,132,0.9208
6066,224,132,0.9484
4652,221,17,0.1923
4653,221,17,0.7903
4654,221,17,0.4396
4655,221,17,0.9199
4656,221,17,0.9234
4657,221,17,0.4350
4658,221,17,0.9538
4659,221,17,0.8470
4660,221,17,0.1212
4979,222,43,0.9403
4980,222,43,0.3006
4981,222,43,0.7136
4982,222,43,0.3234
4983,222,43,0.4296
4984,222,43,0.7171
4985,222,43,0.6757
4986,222,43,0.1759
4987,222,43,0.9184
4988,222,43,0.9637
5446,223,23,0.8987
5447,223,23,0.6985
5448,223,23,0.4174
5449,223,23,0.6323
5450,223,23,0.8378
5451,223,23,0.8032
5452,223,23,0.8723
5453,223,23,0.7865
5454,223,23,0.8501
5455,223,23,0.7732
6067,224,132,0.9524
6068,224,132,0.5231
6069,224,132,0.3487
4661,221,17,0.9264
4662,221,17,0.5176
4663,221,17,0.6724
4664,221,17,0.9566
4665,221,17,0.9776
4666,221,17,0.0419
4667,221,17,0.8136
4668,221,17,0.6358
4989,222,43,0.3900
4990,222,43,0.3882
4991,222,43,0.7121
4992,222,43,0.9342
4993,222,43,0.0653
4994,222,43,0.6665
4995,222,43,0.5145
4996,222,43,0.4433
4997,222,43,0.5449
4998,222,43,0.8789
5456,223,23,0.3562
5457,223,23,0.6995
5458,223,23,0.5781
5459,223,23,0.8243
5460,223,23,0.9432
5461,223,23,0.9775
5462,223,23,0.9864
5463,223,23,0.9877
5464,223,23,0.9897
5465,223,23,0.9919
6070,224,132,0.6097
6071,224,132,0.9397
4669,221,17,0.7863
4670,221,17,0.5510
4671,221,17,0.6167
4999,222,43,0.1856
5000,222,43,0.6233
5001,222,43,0.6711
5002,222,43,0.9273
5003,222,43,0.9702
5004,222,43,0.9893
5005,222,43,0.9897
5006,222,43,0.9936
5007,222,43,0.9934
5008,222,43,0.9951
5466,223,23,0.5498
5467,223,23,0.6817
5468,223,23,0.6223
5469,223,23,0.9291
5470,223,23,0.0265
5471,223,23,0.7814
5472,223,23,0.8335
5473,223,23,0.8637
5474,223,23,0.8928
5475,223,23,0.9264
6072,224,132,0.5391
6073,224,132,0.7438
4672,221,17,0.2044
4673,221,17,0.5973
4674,221,17,0.9301
4675,221,17,0.9526
4676,221,17,0.2457
5009,222,43,0.9068
5010,222,43,0.8670
5011,222,43,0.2707
5012,222,43,0.8949
5013,222,43,0.9189
5014,222,43,0.7929
5015,222,43,0.5066
5016,222,43,0.4127
5017,222,43,0.0513
5018,222,43,0.2802
5476,223,23,0.8978
5477,223,23,0.5959
5478,223,23,0.5057
5479,223,23,0.9033
5480,223,23,0.9622
5481,223,23,0.9814
5482,223,23,0.9900
5483,223,23,0.9906
5484,223,23,0.9882
5485,223,23,0.9937
6074,224,132,0.9043
6075,224,132,0.6939
6076,224,132,0.4358
6077,224,132,0.4580
6078,224,132,0.6266
6079,224,132,0.9313
6080,224,132,0.9445
6081,224,132,0.9681
6082,224,132,0.9781
6083,224,132,0.9829
4677,221,17,0.7747
4678,221,17,0.9382
4679,221,17,0.9764
4680,221,17,0.3655
4681,221,17,0.2162
4682,221,17,0.5591
5019,222,43,0.5171
5020,222,43,0.9362
5021,222,43,0.9427
5022,222,43,0.9592
5023,222,43,0.2146
5024,222,43,0.6067
5025,222,43,0.3786
5026,222,43,0.7856
5027,222,43,0.2936
5028,222,43,0.9116
5486,223,23,0.8077
5487,223,23,0.6913
5488,223,23,0.1183
5489,223,23,0.8591
6084,224,132,0.2502
6085,224,132,0.6287
4683,221,17,0.9270
4684,221,17,0.9750
4685,221,17,0.9763
4686,221,17,0.5031
4687,221,17,0.6079
4688,221,17,0.0828
4689,221,17,0.4956
5029,222,43,0.7693
5030,222,43,0.9433
5031,222,43,0.9118
5032,222,43,0.3063
5033,222,43,0.6665
5034,222,43,0.9497
5035,222,43,0.6650
5036,222,43,0.9031
5037,222,43,0.4601
5038,222,43,0.8644
5490,223,23,0.9099
5491,223,23,0.9705
5492,223,23,0.5304
6086,224,132,0.7252
6087,224,132,0.7858
6088,224,132,0.9458
6089,224,132,0.8482
6090,224,132,0.8476
6091,224,132,0.9215
6092,224,132,0.2253
6093,224,132,0.5573
6094,224,132,0.8687
6095,224,132,0.9718
4690,221,17,0.9196
4691,221,17,0.5917
4692,221,17,0.5914
4693,221,17,0.7641
4694,221,17,0.8959
4695,221,17,0.6540
4696,221,17,0.8696
4697,221,17,0.9736
4698,221,17,0.5662
4699,221,17,0.9269
5039,222,43,0.8866
5040,222,43,0.7762
5041,222,43,0.0748
5042,222,43,0.2593
5043,222,43,0.1968
5044,222,43,0.6863
5045,222,43,0.9024
5046,222,43,0.9396
5047,222,43,0.9585
5048,222,43,0.9707
5493,223,23,0.3923
5494,223,23,0.7317
6096,224,132,0.9213
6097,224,132,0.9359
6098,224,132,0.9733
6099,224,132,0.9798
6100,224,132,0.9818
6101,224,132,0.9269
6102,224,132,0.3805
6103,224,132,0.9054
4700,221,93,0.7678
4701,221,93,0.3304
4702,221,93,0.9434
4703,221,93,0.9643
4704,221,93,0.9390
4705,221,93,0.9767
4706,221,93,0.9749
4707,221,93,0.9485
4708,221,93,0.2379
5049,222,43,0.9233
5050,222,43,0.9442
5051,222,43,0.9011
5052,222,43,0.9352
5053,222,43,0.9295
5054,222,43,0.3817
5055,222,43,0.9577
5056,222,43,0.6575
5057,222,43,0.9492
5058,222,43,0.3450
5495,223,23,0.1308
5496,223,23,0.6179
6104,224,132,0.8866
6105,224,132,0.3725
6106,224,132,0.4154
6107,224,132,0.9544
5059,222,43,0.8274
5060,222,43,0.8427
5061,222,43,0.5144
5062,222,43,0.7786
5063,222,43,0.6081
5064,222,43,0.2820
5065,222,43,0.5180
5066,222,43,0.8832
5067,222,43,0.9464
5068,222,43,0.9603
5497,223,23,0.5326
5498,223,23,0.6587
6108,224,132,0.3408
6109,224,132,0.7509
6110,224,132,0.7333
6111,224,132,0.5131
6112,224,132,0.8536
6113,224,132,0.7520
6114,224,132,0.0717
6115,224,132,0.8703
6116,224,132,0.8837
6117,224,132,0.9297
6337,225,132,0.7612
6338,225,132,0.9020
6339,225,132,0.8167
6340,225,132,0.9322
6341,225,132,0.6783
6342,225,132,0.9660
6343,225,132,0.8898
6344,225,132,0.8761
6345,225,132,0.5099
6346,225,132,0.9534
5069,222,43,0.8727
5070,222,43,0.8830
5071,222,43,0.8278
5072,222,43,0.6016
5073,222,43,0.9581
5074,222,43,0.7354
5075,222,43,0.4984
5076,222,43,0.2822
5077,222,43,0.5424
5078,222,43,0.5602
5499,223,23,0.5019
5500,223,23,0.1654
5501,223,23,0.4151
5502,223,23,0.9485
5503,223,23,0.0689
5504,223,23,0.8612
5505,223,23,0.3595
5506,223,23,0.9560
5507,223,23,0.9542
5508,223,23,0.5898
6118,224,132,0.9361
6119,224,132,0.4632
6120,224,132,0.8368
6121,224,132,0.9395
6122,224,132,0.9600
6123,224,132,0.7472
6124,224,132,0.3193
6125,224,132,0.4142
6126,224,132,0.8690
6127,224,132,0.9151
6347,225,132,0.9440
6348,225,132,0.8433
6349,225,132,0.9676
6350,225,132,0.5441
6351,225,132,0.9545
6352,225,132,0.9763
6353,225,132,0.9761
6354,225,132,0.8884
6355,225,132,0.8202
6356,225,132,0.9703
5079,222,43,0.4587
5080,222,43,0.2937
5081,222,43,0.5749
5082,222,43,0.6839
5083,222,43,0.8619
5084,222,43,0.8181
5085,222,43,0.9611
5086,222,43,0.9850
5087,222,43,0.9910
5088,222,43,0.9930
5509,223,23,0.9008
5510,223,23,0.1330
5511,223,23,0.6350
5512,223,23,0.1782
6128,224,132,0.0800
6129,224,132,0.3233
6130,224,132,0.8624
6131,224,132,0.9127
6132,224,132,0.9339
6133,224,132,0.9583
6134,224,132,0.9739
6135,224,132,0.9803
6136,224,132,0.9844
6137,224,132,0.9858
6357,225,23,0.6562
6358,225,23,0.9465
6359,225,23,0.7351
6360,225,23,0.8465
6361,225,23,0.6493
6362,225,23,0.6887
6363,225,23,0.3134
6364,225,23,0.9384
6365,225,23,0.4231
6366,225,23,0.9510
5089,222,43,0.9309
5090,222,43,0.3270
5091,222,43,0.5912
5092,222,43,0.9194
5093,222,43,0.9398
5094,222,43,0.9124
5095,222,43,0.8293
5096,222,43,0.2650
5097,222,43,0.8621
5098,222,43,0.8883
5513,223,23,0.8632
5514,223,23,0.0291
5515,223,23,0.5787
6138,224,132,0.8458
6139,224,132,0.9253
6140,224,132,0.9694
6141,224,132,0.9529
6142,224,132,0.9699
6143,224,132,0.9442
6144,224,132,0.0233
6145,224,132,0.8775
6146,224,132,0.9388
6147,224,132,0.5573
6367,225,23,0.4991
6368,225,23,0.7277
5099,222,43,0.8454
5100,222,43,0.1299
5101,222,43,0.3669
5102,222,43,0.2553
5103,222,43,0.4779
5104,222,43,0.8189
5105,222,43,0.8050
5106,222,43,0.8770
5107,222,43,0.8392
5108,222,43,0.8666
5516,223,23,0.9224
5517,223,23,0.9755
5518,223,23,0.8225
5519,223,23,0.4541
5520,223,23,0.7755
5521,223,23,0.1443
5522,223,23,0.7924
5523,223,23,0.4200
5524,223,23,0.8936
5525,223,23,0.9489
6148,224,132,0.9248
6149,224,132,0.9688
6150,224,132,0.9431
6151,224,132,0.9756
6152,224,132,0.9203
6153,224,132,0.9113
6154,224,132,0.3202
6155,224,132,0.4641
6156,224,132,0.7712
6157,224,132,0.8517
6369,225,23,0.5531
6370,225,23,0.4721
6371,225,23,0.3273
5109,222,43,0.7896
5110,222,43,0.9375
5111,222,43,0.9315
5112,222,43,0.4473
5113,222,43,0.9491
5114,222,43,0.9777
5115,222,43,0.9822
5116,222,43,0.9092
5117,222,43,0.9416
5526,223,23,0.8584
5527,223,23,0.9253
5528,223,23,0.9368
5529,223,23,0.6041
5530,223,23,0.6815
5531,223,23,0.8278
5532,223,23,0.5665
5533,223,23,0.5076
5534,223,23,0.9391
5535,223,23,0.9536
6158,224,23,0.8979
6159,224,23,0.4178
6160,224,23,0.9209
6161,224,23,0.6028
6162,224,23,0.5235
6163,224,23,0.8303
6164,224,23,0.7229
6165,224,23,0.9604
6166,224,23,0.9069
6167,224,23,0.4186
6372,225,23,0.6039
6373,225,23,0.9232
6374,225,23,0.9451
6375,225,23,0.4608
6376,225,23,0.7936
6377,225,23,0.6411
6378,225,23,0.5137
6379,225,23,0.9495
6380,225,23,0.0387
6381,225,23,0.3277
5118,222,17,0.7545
5119,222,17,0.9640
5120,222,17,0.9798
5121,222,17,0.8691
5122,222,17,0.6759
5123,222,17,0.9637
5124,222,17,0.9722
5125,222,17,0.8211
5126,222,17,0.9059
5127,222,17,0.7772
5536,223,23,0.8933
5537,223,23,0.7373
6168,224,23,0.9462
6169,224,23,0.8893
6170,224,23,0.8244
6171,224,23,0.0505
6172,224,23,0.7525
6173,224,23,0.6458
6174,224,23,0.4985
6175,224,23,0.6452
6176,224,23,0.9458
6177,224,23,0.8222
6382,225,23,0.4045
6383,225,23,0.5465
6384,225,23,0.3649
5128,222,17,0.5868
5129,222,17,0.7474
5130,222,17,0.1520
5131,222,17,0.1933
5132,222,17,0.3052
5133,222,17,0.8266
5134,222,17,0.8746
5135,222,17,0.8374
5136,222,17,0.8767
5137,222,17,0.8060
5538,223,23,0.6916
5539,223,23,0.6309
6178,224,23,0.8967
6179,224,23,0.6666
6180,224,23,0.7108
6181,224,23,0.6564
6182,224,23,0.6796
6183,224,23,0.1456
6385,225,23,0.8462
6386,225,23,0.8434
6387,225,23,0.8026
5138,222,17,0.8782
5139,222,17,0.5566
5140,222,17,0.8846
5141,222,17,0.9624
5142,222,17,0.9761
5143,222,17,0.9830
5144,222,17,0.9863
5145,222,17,0.9871
5146,222,17,0.9880
5147,222,17,0.9880
5540,223,23,0.9234
5541,223,23,0.5859
6184,224,23,0.9163
6185,224,23,0.9729
6186,224,23,0.2201
6187,224,23,0.9342
6188,224,23,0.9755
6189,224,23,0.8864
6190,224,23,0.7205
6191,224,23,0.9207
6192,224,23,0.9541
6193,224,23,0.0793
6388,225,23,0.9155
6389,225,23,0.2863
6390,225,23,0.8675
6391,225,23,0.1948
6392,225,23,0.4773
6393,225,23,0.9474
6394,225,23,0.4949
6395,225,23,0.4174
6396,225,23,0.9343
5148,222,17,0.6772
5149,222,17,0.2953
5150,222,17,0.6543
5151,222,17,0.7894
5152,222,17,0.7931
5153,222,17,0.8756
5154,222,17,0.7972
5155,222,17,0.8671
5156,222,17,0.8214
5157,222,17,0.8725
5542,223,23,0.8964
5543,223,23,0.9725
5544,223,23,0.9775
5545,223,23,0.9800
5546,223,23,0.2384
5547,223,23,0.3304
6194,224,107,0.9662
6195,224,107,0.9218
6196,224,107,0.7448
6197,224,107,0.6783
6198,224,107,0.9389
6199,224,107,0.9465
6200,224,107,0.9716
6201,224,107,0.9340
6202,224,107,0.9191
6397,225,107,0.9153
6398,225,107,0.9471
6399,225,107,0.2645
6400,225,107,0.7975
6401,225,107,0.9135
5158,222,17,0.2039
5159,222,17,0.6854
5160,222,17,0.8367
5161,222,17,0.2118
5162,222,17,0.3358
5163,222,17,0.7225
5164,222,17,0.7524
5165,222,17,0.8462
5166,222,17,0.2066
5167,222,17,0.6384
5548,223,23,0.1810
5549,223,23,0.4268
5550,223,23,0.5349
5551,223,23,0.8009
5552,223,23,0.0361
5553,223,23,0.2473
5554,223,23,0.1382
5555,223,23,0.7700
5556,223,23,0.0861
5557,223,23,0.9262
6203,224,43,0.8880
6204,224,43,0.9730
6205,224,43,0.9159
6206,224,43,0.8650
6207,224,43,0.2119
6208,224,43,0.8191
6209,224,43,0.8212
6210,224,43,0.8211
6211,224,43,0.7315
6212,224,43,0.8478
6402,225,107,0.8415
6403,225,107,0.8753
6404,225,107,0.0581
6405,225,107,0.2546
5168,222,17,0.1581
5169,222,17,0.3893
5170,222,17,0.7115
5171,222,17,0.7749
5172,222,17,0.8475
5173,222,17,0.7946
5174,222,17,0.8528
5175,222,17,0.2568
5176,222,17,0.6533
5177,222,17,0.6811
5558,223,107,0.8893
5559,223,107,0.8905
5560,223,107,0.0796
5561,223,107,0.8814
5562,223,107,0.9518
5563,223,107,0.3136
5564,223,107,0.1838
6213,224,43,0.9142
6214,224,43,0.9334
6215,224,43,0.9295
6216,224,43,0.8533
6217,224,43,0.8861
6218,224,43,0.4783
6219,224,43,0.9498
6220,224,43,0.6005
6221,224,43,0.7739
6222,224,43,0.9419
6406,225,107,0.9081
6407,225,107,0.1177
6408,225,107,0.9014
5178,222,17,0.4847
5179,222,17,0.3078
5180,222,17,0.5593
5181,222,17,0.8294
5182,222,17,0.8027
5183,222,17,0.8481
5184,222,17,0.8121
5185,222,17,0.1377
5186,222,17,0.6366
5187,222,17,0.3465
5565,223,107,0.8660
5566,223,107,0.9342
5567,223,107,0.9444
5568,223,107,0.5429
5569,223,107,0.9107
5570,223,107,0.9438
5571,223,107,0.9517
5572,223,107,0.8519
5573,223,107,0.9104
5574,223,107,0.9576
6223,224,17,0.6054
6224,224,17,0.6637
6409,225,107,0.9330
6410,225,107,0.7602
6411,225,107,0.9558
6412,225,107,0.9043
6413,225,107,0.9201
6414,225,107,0.9359
6415,225,107,0.9076
6416,225,107,0.9177
6417,225,107,0.9551
6418,225,107,0.9191
5188,222,17,0.1823
5189,222,17,0.2786
5190,222,17,0.5091
5191,222,17,0.8071
5192,222,17,0.7809
5193,222,17,0.8147
5194,222,17,0.8118
5195,222,17,0.8836
5196,222,17,0.8273
5197,222,17,0.8730
5575,223,43,0.8885
5576,223,43,0.8490
5577,223,43,0.2311
5578,223,43,0.7457
5579,223,43,0.9625
5580,223,43,0.3532
5581,223,43,0.7151
5582,223,43,0.7682
5583,223,43,0.8104
5584,223,43,0.9417
6225,224,17,0.8897
6226,224,17,0.7245
6227,224,17,0.9645
6228,224,17,0.9776
6229,224,17,0.5601
6230,224,17,0.8539
6231,224,17,0.5739
6232,224,17,0.7315
6419,225,43,0.9354
6420,225,43,0.4438
6421,225,43,0.8952
6422,225,43,0.9269
6423,225,43,0.5464
6424,225,43,0.9580
6425,225,43,0.9775
6426,225,43,0.4448
6427,225,43,0.9188
6428,225,43,0.4372
5198,222,17,0.4529
5199,222,17,0.7341
5200,222,17,0.9215
5201,222,17,0.0589
5202,222,17,0.3491
5203,222,17,0.3858
5204,222,17,0.4165
5205,222,17,0.8299
5206,222,17,0.8036
5207,222,17,0.1400
5585,223,43,0.9176
5586,223,43,0.9464
5587,223,43,0.8648
5588,223,43,0.9723
5589,223,43,0.9725
5590,223,43,0.5389
5591,223,43,0.7061
5592,223,43,0.3004
5593,223,43,0.6420
5594,223,43,0.2707
6233,224,17,0.4608
6234,224,17,0.7650
6429,225,43,0.7181
6430,225,43,0.8858
6431,225,43,0.3652
6432,225,43,0.7414
6433,225,43,0.9176
6434,225,43,0.9440
6435,225,43,0.6382
6436,225,43,0.5036
6437,225,43,0.1492
6438,225,43,0.9069
5208,222,17,0.5575
5209,222,17,0.2689
5210,222,17,0.2804
5211,222,17,0.3757
5212,222,17,0.6787
5213,222,17,0.7611
5214,222,17,0.8661
5215,222,17,0.7607
5216,222,17,0.8564
5217,222,17,0.1813
5595,223,43,0.9189
5596,223,43,0.1091
5597,223,43,0.3052
5598,223,43,0.7620
5599,223,43,0.9252
5600,223,43,0.9753
5601,223,43,0.9855
5602,223,43,0.9899
5603,223,43,0.9928
6235,224,17,0.5827
6236,224,17,0.2041
6237,224,17,0.9260
6238,224,17,0.6108
6239,224,17,0.9589
6240,224,17,0.7756
6241,224,17,0.8151
6242,224,17,0.6872
6243,224,17,0.9517
6244,224,17,0.0831
6439,225,43,0.4055
6440,225,43,0.9365
6441,225,43,0.9277
6442,225,43,0.7129
6443,225,43,0.9502
6444,225,43,0.1472
6445,225,43,0.2863
6446,225,43,0.6475
6447,225,43,0.9609
6448,225,43,0.4364
5218,222,17,0.7275
5219,222,17,0.5541
5220,222,17,0.1487
5221,222,17,0.4940
5222,222,17,0.3510
5223,222,17,0.6292
5224,222,17,0.3314
5225,222,17,0.1969
5226,222,17,0.6664
5227,222,17,0.2549
5604,223,43,0.9356
5605,223,43,0.9718
5606,223,43,0.9437
5607,223,43,0.0240
5608,223,43,0.8713
5609,223,43,0.6949
5610,223,43,0.9638
5611,223,43,0.7298
5612,223,43,0.9194
5613,223,43,0.8118
6245,224,17,0.8858
6246,224,17,0.9710
6247,224,17,0.9478
6248,224,17,0.9766
6249,224,17,0.9805
6250,224,17,0.9807
6251,224,17,0.2327
6252,224,17,0.1813
6253,224,17,0.7844
6254,224,17,0.7839
6449,225,17,0.5737
6450,225,17,0.3888
6451,225,17,0.9461
6452,225,17,0.9777
6453,225,17,0.9807
6454,225,17,0.7384
6455,225,17,0.9701
6456,225,17,0.0339
5228,222,17,0.7293
5229,222,17,0.3091
5230,222,17,0.3199
5231,222,17,0.7032
5232,222,17,0.2328
5233,222,17,0.7376
5234,222,17,0.2518
5235,222,17,0.6198
5236,222,17,0.6840
5237,222,17,0.7111
5614,223,17,0.7070
5615,223,17,0.7977
5616,223,17,0.5034
5617,223,17,0.2404
5618,223,17,0.1737
5619,223,17,0.8421
5620,223,17,0.8784
5621,223,17,0.1237
5622,223,17,0.5325
5623,223,17,0.2503
6255,224,17,0.7296
6256,224,17,0.9652
6257,224,17,0.9432
6258,224,17,0.8866
6259,224,17,0.9738
6260,224,17,0.9090
6261,224,17,0.8675
6262,224,17,0.9470
6263,224,17,0.8676
6264,224,17,0.9633
6457,225,17,0.4469
6458,225,17,0.8419
6459,225,17,0.8054
6460,225,17,0.9682
6461,225,17,0.9753
6462,225,17,0.1585
6463,225,17,0.7473
5238,222,17,0.0892
5239,222,17,0.7226
5240,222,17,0.1316
5241,222,17,0.5706
5242,222,17,0.6608
5243,222,17,0.3515
5244,222,17,0.2631
5245,222,17,0.5876
5246,222,17,0.3398
5247,222,17,0.5957
5624,223,17,0.7589
5625,223,17,0.8825
6265,224,17,0.8910
6266,224,17,0.3021
6267,224,17,0.7398
6268,224,17,0.9454
6269,224,17,0.8656
6270,224,17,0.9440
6271,224,17,0.9773
6272,224,17,0.9835
6273,224,17,0.9862
6274,224,17,0.9847
6464,225,17,0.3617
6465,225,17,0.6908
5248,222,17,0.3302
5249,222,17,0.8227
5250,222,17,0.1042
5251,222,17,0.3770
5252,222,17,0.3557
5253,222,17,0.6549
5254,222,17,0.2337
5255,222,17,0.5917
5256,222,17,0.9243
5257,222,17,0.9679
5626,223,17,0.2087
5627,223,17,0.9432
5628,223,17,0.5458
6275,224,17,0.8508
6276,224,17,0.5970
6277,224,17,0.3483
6278,224,17,0.2493
6279,224,17,0.8670
6280,224,17,0.9299
6281,224,17,0.9562
6282,224,17,0.9715
6283,224,17,0.9852
6284,224,17,0.9872
6466,225,17,0.8798
6467,225,17,0.9316
6468,225,17,0.8286
6469,225,17,0.9699
6470,225,17,0.7101
6471,225,17,0.6919
6472,225,17,0.5046
6473,225,17,0.0518
6474,225,17,0.9011
6475,225,17,0.2005
5258,222,17,0.8819
5259,222,17,0.2041
5260,222,17,0.6647
5261,222,17,0.9404
5262,222,17,0.1735
5263,222,17,0.5644
5264,222,17,0.1561
5265,222,17,0.4946
5266,222,17,0.5478
5267,222,17,0.5498
5629,223,17,0.2173
5630,223,17,0.3759
5631,223,17,0.5774
6285,224,17,0.5339
6286,224,17,0.9439
6287,224,17,0.9730
6288,224,17,0.2671
6289,224,17,0.7197
6290,224,17,0.8731
6291,224,17,0.6069
6292,224,17,0.0546
6293,224,17,0.8329
6294,224,17,0.7424
6476,225,17,0.8562
6477,225,17,0.9701
6478,225,17,0.2766
6479,225,17,0.7145
6480,225,17,0.9265
6481,225,17,0.8360
6482,225,17,0.4177
6483,225,17,0.4984
5268,222,17,0.5751
5269,222,17,0.6228
5270,222,17,0.0868
5271,222,17,0.6726
5272,222,17,0.9305
5273,222,17,0.4300
5274,222,17,0.9556
5275,222,17,0.9768
5276,222,17,0.7312
5277,222,17,0.7149
5632,223,17,0.4002
5633,223,17,0.9160
5634,223,17,0.0710
5635,223,17,0.4296
5636,223,17,0.3194
6295,224,17,0.8870
6296,224,17,0.9482
6297,224,17,0.4768
6298,224,17,0.9520
6299,224,17,0.8009
6300,224,17,0.9427
6301,224,17,0.9798
6302,224,17,0.9848
6303,224,17,0.9870
6304,224,17,0.9876
6484,225,17,0.6693
6485,225,17,0.5588
5278,222,17,0.8277
5279,222,17,0.9269
5280,222,17,0.5044
5281,222,17,0.7925
5282,222,17,0.4944
5283,222,17,0.8984
5284,222,17,0.9570
5285,222,17,0.9725
5286,222,17,0.9789
5287,222,17,0.9840
5637,223,17,0.9254
5638,223,17,0.0433
5639,223,17,0.7924
5640,223,17,0.2933
6305,224,17,0.8942
6306,224,17,0.3027
6307,224,17,0.9630
6308,224,17,0.9299
6309,224,17,0.7460
6310,224,17,0.5372
6311,224,17,0.5410
6312,224,17,0.8715
6313,224,17,0.9690
6314,224,17,0.9813
6486,225,17,0.6484
6487,225,17,0.5669
6488,225,17,0.9559
6489,225,17,0.9624
6490,225,17,0.9772
6491,225,17,0.8029
6492,225,17,0.0446
6493,225,17,0.9186
5288,222,17,0.0616
5289,222,17,0.2498
5290,222,17,0.6953
5291,222,17,0.8622
5292,222,17,0.6654
5293,222,17,0.8547
5294,222,17,0.1784
5295,222,17,0.6178
5296,222,17,0.6655
5297,222,17,0.6710
5641,223,17,0.3455
5642,223,17,0.6560
5643,223,17,0.1604
6315,224,17,0.5878
6316,224,17,0.8901
6317,224,17,0.2387
6318,224,17,0.6047
6319,224,17,0.7901
6320,224,17,0.7289
6321,224,17,0.9575
6322,224,17,0.5809
6323,224,17,0.9107
6324,224,17,0.8072
6494,225,17,0.5547
6495,225,17,0.6481
6496,225,17,0.6259
6497,225,17,0.1639
6498,225,17,0.1669
6499,225,17,0.5250
6500,225,17,0.5621
6501,225,17,0.3110
6502,225,17,0.8696
6503,225,17,0.5681
5298,222,17,0.6215
5299,222,17,0.7244
5300,222,17,0.1300
5301,222,17,0.3857
5302,222,17,0.3810
5303,222,17,0.7948
5304,222,17,0.2081
5305,222,17,0.6080
5306,222,17,0.6221
5307,222,17,0.5848
5644,223,17,0.1619
5645,223,17,0.6851
5646,223,17,0.1596
6325,224,93,0.8256
6326,224,93,0.8596
6327,224,93,0.6322
6328,224,93,0.9501
6329,224,93,0.9747
6330,224,93,0.9559
6331,224,93,0.9278
6332,224,93,0.9497
6333,224,93,0.9443
6334,224,93,0.4428
6504,225,17,0.7274
6505,225,17,0.7850
6506,225,17,0.2977
5308,222,17,0.4582
5309,222,17,0.1733
5310,222,17,0.4910
5311,222,17,0.7797
5312,222,17,0.8213
5313,222,17,0.8750
5314,222,17,0.2065
5315,222,17,0.6196
5316,222,17,0.6815
5317,222,17,0.6945
5647,223,17,0.5459
5648,223,17,0.2724
5649,223,17,0.5363
6335,224,43,0.3663
6507,225,17,0.6165
6508,225,17,0.2422
6509,225,17,0.9360
6510,225,17,0.6156
6511,225,17,0.6860
5318,222,17,0.7362
5319,222,17,0.4284
5320,222,17,0.2203
5321,222,17,0.5969
5322,222,17,0.6487
5323,222,17,0.6299
5324,222,17,0.6551
5325,222,17,0.6693
5326,222,17,0.6830
5327,222,17,0.6961
5650,223,17,0.6187
5651,223,17,0.1939
5652,223,17,0.8355
6336,224,43,0.3911
6512,225,17,0.3676
6513,225,17,0.6003
5328,222,17,0.0703
5329,222,17,0.1513
5330,222,17,0.5311
5331,222,17,0.7338
5332,222,17,0.7241
5333,222,17,0.8440
5334,222,17,0.1836
5335,222,17,0.6408
5336,222,17,0.6624
5337,222,17,0.6664
5653,223,17,0.0993
5654,223,17,0.2904
5655,223,17,0.3417
5656,223,17,0.3540
6514,225,17,0.4486
6515,225,17,0.5522
6572,226,132,0.6291
6573,226,132,0.9625
6574,226,132,0.9144
6575,226,132,0.9281
6576,226,132,0.5367
6577,226,132,0.9494
6578,226,132,0.6790
6579,226,132,0.9453
6580,226,132,0.9762
6581,226,132,0.9655
5338,222,17,0.7464
5339,222,17,0.6052
5340,222,17,0.8882
5341,222,17,0.7395
5342,222,17,0.8905
5343,222,17,0.9387
5344,222,17,0.8700
5345,222,17,0.8792
5346,222,17,0.5557
5347,222,17,0.9175
5657,223,17,0.4443
5658,223,17,0.2087
5659,223,17,0.7736
6516,225,17,0.8024
6517,225,17,0.4584
6582,226,23,0.7921
6583,226,23,0.4341
6584,226,23,0.9254
6585,226,23,0.9720
6586,226,23,0.8572
6587,226,23,0.5036
6588,226,23,0.9569
6589,226,23,0.8849
6590,226,23,0.2300
6591,226,23,0.3494
5348,222,93,0.3662
5349,222,93,0.5088
5350,222,93,0.5744
5351,222,93,0.2513
5352,222,93,0.5758
5353,222,93,0.1295
5354,222,93,0.7635
5355,222,93,0.7572
5356,222,93,0.0499
5357,222,93,0.6328
5660,223,17,0.8815
5661,223,17,0.6410
5662,223,17,0.9327
5663,223,17,0.4355
5664,223,17,0.7137
5665,223,17,0.6140
6518,225,17,0.9138
6519,225,17,0.6085
6592,226,23,0.3103
6593,226,23,0.6181
5358,222,93,0.6324
5359,222,93,0.4923
5360,222,93,0.6071
5361,222,93,0.8765
5362,222,93,0.5031
5363,222,93,0.9449
5364,222,93,0.8330
5365,222,93,0.8389
5366,222,93,0.8022
5367,222,93,0.9463
5666,223,17,0.6926
5667,223,17,0.9322
5668,223,17,0.2587
5669,223,17,0.3259
5670,223,17,0.1085
6520,225,17,0.4654
6521,225,17,0.5739
6594,226,23,0.6595
6595,226,23,0.7386
5368,222,132,0.9041
5369,222,132,0.0278
5370,222,132,0.5410
5371,222,132,0.9583
5372,222,132,0.9754
5373,222,132,0.9079
5374,222,132,0.9016
5375,222,132,0.9717
5376,222,132,0.0783
5377,222,132,0.9222
5671,223,17,0.9095
5672,223,17,0.9705
5673,223,17,0.4549
6522,225,17,0.7630
6523,225,17,0.9467
6524,225,17,0.9764
6525,225,17,0.9809
6526,225,17,0.3894
6527,225,17,0.4616
6596,226,23,0.8545
6597,226,23,0.8322
6598,226,23,0.7497
6599,226,23,0.7576
6600,226,23,0.7124
6601,226,23,0.4811
6602,226,23,0.5747
6603,226,23,0.3800
5674,223,17,0.5811
5675,223,17,0.5536
6528,225,17,0.5658
6529,225,17,0.0582
6530,225,17,0.6705
6531,225,17,0.3156
6532,225,17,0.3199
6604,226,23,0.1519
6605,226,23,0.3331
6606,226,23,0.3185
6765,227,132,0.8259
6766,227,132,0.9231
6767,227,132,0.9735
6768,227,132,0.7644
6769,227,132,0.9642
6770,227,132,0.9697
6771,227,132,0.9503
6772,227,132,0.0597
6773,227,132,0.8505
6774,227,132,0.9744
5676,223,17,0.7866
5677,223,17,0.8153
5678,223,17,0.7421
5679,223,17,0.6276
5680,223,17,0.9351
5681,223,17,0.9808
5682,223,17,0.9872
5683,223,17,0.9917
5684,223,17,0.9938
5685,223,17,0.9942
6533,225,17,0.4742
6534,225,17,0.6814
6535,225,17,0.9103
6536,225,17,0.3221
6537,225,17,0.8843
6538,225,17,0.9547
6539,225,17,0.8937
6540,225,17,0.5006
6607,226,23,0.2391
6608,226,23,0.5080
6609,226,23,0.9475
6610,226,23,0.3565
6611,226,23,0.3645
6612,226,23,0.9404
6613,226,23,0.9426
6614,226,23,0.4024
6615,226,23,0.9430
6616,226,23,0.6140
6775,227,132,0.9237
6776,227,132,0.9526
6777,227,132,0.6754
6778,227,132,0.9425
5686,223,17,0.8868
5687,223,17,0.8301
5688,223,17,0.9298
5689,223,17,0.6930
5690,223,17,0.8330
5691,223,17,0.7670
5692,223,17,0.5867
5693,223,17,0.8103
5694,223,17,0.1277
5695,223,17,0.2139
6541,225,17,0.4829
6542,225,17,0.9460
6543,225,17,0.4473
6617,226,23,0.8381
6618,226,23,0.5921
6779,227,132,0.9000
6780,227,132,0.9348
6781,227,132,0.9691
6782,227,132,0.9410
6783,227,132,0.7766
6784,227,132,0.9699
6785,227,132,0.9784
6786,227,132,0.1427
6787,227,132,0.7507
5696,223,17,0.5440
5697,223,17,0.8663
5698,223,17,0.3997
5699,223,17,0.8753
5700,223,17,0.8114
6544,225,17,0.2739
6545,225,17,0.6117
6619,226,23,0.5193
6620,226,23,0.5183
6621,226,23,0.3335
6788,227,132,0.8671
6789,227,132,0.9221
6790,227,132,0.6276
5701,223,17,0.3453
5702,223,17,0.7642
6546,225,17,0.4774
6547,225,17,0.6860
6622,226,23,0.4251
6623,226,23,0.8930
6791,227,132,0.9302
6792,227,132,0.9257
6793,227,132,0.2807
5703,223,17,0.2545
5704,223,17,0.2974
5705,223,17,0.9178
5706,223,17,0.7330
5707,223,17,0.4460
5708,223,17,0.7229
6548,225,17,0.7351
6549,225,17,0.7032
6550,225,17,0.4458
6624,226,23,0.8855
6625,226,23,0.8554
6794,227,132,0.5772
6795,227,132,0.9518
6796,227,132,0.4852
6797,227,132,0.4606
5709,223,17,0.6797
5710,223,17,0.1721
5711,223,17,0.7719
5712,223,17,0.7696
5713,223,17,0.8260
5714,223,17,0.8703
5715,223,17,0.7985
5716,223,17,0.8686
5717,223,17,0.3492
5718,223,17,0.6875
6551,225,17,0.1709
6552,225,17,0.8817
6553,225,17,0.9662
6554,225,17,0.0414
6555,225,17,0.9107
6556,225,17,0.5249
6557,225,17,0.3675
6558,225,17,0.5164
6559,225,17,0.7072
6560,225,17,0.3779
6626,226,23,0.8670
6627,226,23,0.6679
6798,227,132,0.7032
6799,227,132,0.1845
6800,227,132,0.9427
6801,227,132,0.4052
6802,227,132,0.9414
6803,227,132,0.9374
6804,227,132,0.7926
6805,227,132,0.9436
6806,227,132,0.1216
6807,227,132,0.6603
5719,223,17,0.5821
5720,223,17,0.3344
5721,223,17,0.3401
5722,223,17,0.6519
5723,223,17,0.7852
5724,223,17,0.9064
5725,223,17,0.8674
5726,223,17,0.8573
5727,223,17,0.2141
5728,223,17,0.3783
6561,225,93,0.6763
6562,225,93,0.5727
6628,226,23,0.5150
6629,226,23,0.5034
6630,226,23,0.7309
6631,226,23,0.7125
6808,227,132,0.8285
6809,227,132,0.9030
6810,227,132,0.9094
6811,227,132,0.8530
6812,227,132,0.2704
6813,227,132,0.8981
6814,227,132,0.6599
6815,227,132,0.5928
5729,223,17,0.4277
5730,223,17,0.3772
5731,223,17,0.1305
5732,223,17,0.3091
5733,223,17,0.5888
5734,223,17,0.5674
5735,223,17,0.3107
5736,223,17,0.4970
5737,223,17,0.8462
5738,223,17,0.8045
6563,225,93,0.8467
6564,225,93,0.9218
6565,225,93,0.8307
6566,225,93,0.1963
6567,225,93,0.9237
6568,225,93,0.9609
6569,225,93,0.9369
6570,225,93,0.9756
6571,225,93,0.4440
6632,226,23,0.8772
6633,226,23,0.3199
6634,226,23,0.7521
6635,226,23,0.8175
6816,227,132,0.9392
6817,227,132,0.7505
6818,227,132,0.2780
5739,223,17,0.5891
5740,223,17,0.7720
5741,223,17,0.8015
5742,223,17,0.0587
5743,223,17,0.3753
5744,223,17,0.7299
5745,223,17,0.7745
5746,223,17,0.8510
5747,223,17,0.8223
5748,223,17,0.1314
6636,226,23,0.4645
6637,226,23,0.7030
6819,227,132,0.9204
6820,227,132,0.8243
6821,227,132,0.7526
6822,227,132,0.9433
6823,227,132,0.2330
6824,227,132,0.8884
7642,228,132,0.8140
7643,228,132,0.6010
7644,228,132,0.0455
7645,228,132,0.8211
7646,228,132,0.8961
7647,228,132,0.3567
7648,228,132,0.9367
7649,228,132,0.9740
7650,228,132,0.9358
7651,228,132,0.9347
5749,223,17,0.4484
5750,223,17,0.5151
5751,223,17,0.7931
5752,223,17,0.7849
5753,223,17,0.1518
5754,223,17,0.3591
5755,223,17,0.3557
5756,223,17,0.7494
5757,223,17,0.7451
5758,223,17,0.1320
6638,226,23,0.8955
6639,226,23,0.9718
6640,226,23,0.5714
6641,226,23,0.8645
6642,226,23,0.0616
6643,226,23,0.8632
6644,226,23,0.9133
6645,226,23,0.0935
6646,226,23,0.4982
6647,226,23,0.6880
6825,227,132,0.9489
6826,227,132,0.5927
6827,227,132,0.5800
7652,228,132,0.7302
7653,228,132,0.9585
7654,228,132,0.7918
7655,228,132,0.9638
7656,228,132,0.6684
7657,228,132,0.7821
7658,228,132,0.3707
7659,228,132,0.8485
7660,228,132,0.9344
7661,228,132,0.9566
5759,223,17,0.2186
5760,223,17,0.3487
5761,223,17,0.5721
5762,223,17,0.2333
5763,223,17,0.6622
5764,223,17,0.7698
5765,223,17,0.1870
5766,223,17,0.6899
5767,223,17,0.8764
5768,223,17,0.7743
6648,226,23,0.9128
6649,226,23,0.9299
6650,226,23,0.8960
6651,226,23,0.9276
6652,226,23,0.4942
6653,226,23,0.1896
6828,227,132,0.6719
6829,227,132,0.6626
6830,227,132,0.7233
6831,227,132,0.5657
6832,227,132,0.9138
6833,227,132,0.9352
6834,227,132,0.9724
6835,227,132,0.9387
6836,227,132,0.0854
7662,228,132,0.7261
7663,228,132,0.9531
7664,228,132,0.8875
7665,228,132,0.9379
7666,228,132,0.9737
7667,228,132,0.4855
7668,228,132,0.9569
7669,228,132,0.9539
7670,228,132,0.9281
7671,228,132,0.9769
5769,223,17,0.4326
5770,223,17,0.7060
5771,223,17,0.0939
5772,223,17,0.4793
5773,223,17,0.8063
5774,223,17,0.7717
5775,223,17,0.8641
5776,223,17,0.8340
5777,223,17,0.8561
5778,223,17,0.8091
6654,226,23,0.3234
6655,226,23,0.8700
6656,226,23,0.3732
6657,226,23,0.7694
6837,227,132,0.7701
6838,227,132,0.9495
6839,227,132,0.6181
6840,227,132,0.8973
6841,227,132,0.4736
6842,227,132,0.7581
6843,227,132,0.9381
6844,227,132,0.6112
6845,227,132,0.7627
6846,227,132,0.9659
7672,228,23,0.9444
7673,228,23,0.9747
7674,228,23,0.8820
7675,228,23,0.1801
7676,228,23,0.7871
7677,228,23,0.9124
7678,228,23,0.9671
7679,228,23,0.9867
7680,228,23,0.9909
7681,228,23,0.9924
5779,223,17,0.5188
5780,223,17,0.3458
5781,223,17,0.7363
5782,223,17,0.2786
5783,223,17,0.1587
5784,223,17,0.6300
5785,223,17,0.8538
5786,223,17,0.8018
5787,223,17,0.8613
5788,223,17,0.2449
6658,226,23,0.0940
6659,226,23,0.6387
6847,227,23,0.3815
6848,227,23,0.6732
7682,228,23,0.9002
7683,228,23,0.5757
7684,228,23,0.3242
7685,228,23,0.7850
7686,228,23,0.9174
7687,228,23,0.9528
7688,228,23,0.9685
7689,228,23,0.9762
7690,228,23,0.9842
7691,228,23,0.9859
5789,223,17,0.5013
5790,223,17,0.6627
5791,223,17,0.9036
5792,223,17,0.1578
5793,223,17,0.8986
5794,223,17,0.8747
5795,223,17,0.8410
5796,223,17,0.8639
5797,223,17,0.7551
5798,223,17,0.8571
6660,226,23,0.9214
6661,226,23,0.7448
6849,227,23,0.4637
6850,227,23,0.7806
7692,228,23,0.8113
7693,228,23,0.3782
7694,228,23,0.6880
7695,228,23,0.8813
7696,228,23,0.9463
7697,228,23,0.9674
7698,228,23,0.9784
7699,228,23,0.9804
7700,228,23,0.9844
7701,228,23,0.9866
5799,223,17,0.1279
5800,223,17,0.5908
5801,223,17,0.8312
5802,223,17,0.7966
5803,223,17,0.8616
5804,223,17,0.8316
5805,223,17,0.1307
5806,223,17,0.3461
5807,223,17,0.4923
5808,223,17,0.4121
6662,226,23,0.9243
6663,226,23,0.9642
6664,226,23,0.6819
6665,226,23,0.2146
6666,226,23,0.8304
6667,226,23,0.8379
6851,227,23,0.9203
6852,227,23,0.6775
7702,228,23,0.5244
7703,228,23,0.5602
7704,228,23,0.5558
7705,228,23,0.7792
7706,228,23,0.9505
7707,228,23,0.9773
7708,228,23,0.9817
7709,228,23,0.9852
7710,228,23,0.9873
7711,228,23,0.9876
5809,223,17,0.6427
5810,223,17,0.6062
5811,223,17,0.3618
5812,223,17,0.3194
5813,223,17,0.4063
5814,223,17,0.5261
5815,223,17,0.3770
5816,223,17,0.3152
5817,223,17,0.4115
5818,223,17,0.5244
6668,226,23,0.0880
6669,226,23,0.7581
6853,227,23,0.8481
6854,227,23,0.7291
6855,227,23,0.5101
6856,227,23,0.5712
6857,227,23,0.2710
6858,227,23,0.8602
6859,227,23,0.8020
6860,227,23,0.8357
6861,227,23,0.8805
6862,227,23,0.7904
7712,228,23,0.7906
7713,228,23,0.4807
7714,228,23,0.9208
7715,228,23,0.9722
7716,228,23,0.9579
7717,228,23,0.8086
7718,228,23,0.0996
7719,228,23,0.8690
7720,228,23,0.9088
7721,228,23,0.9497
5819,223,17,0.6774
5820,223,17,0.9536
5821,223,17,0.0334
5822,223,17,0.7255
5823,223,17,0.7672
5824,223,17,0.8634
5825,223,17,0.8072
5826,223,17,0.1344
5827,223,17,0.3408
5828,223,17,0.4186
6670,226,23,0.6495
6671,226,23,0.8933
6672,226,23,0.3830
6673,226,23,0.6324
6674,226,23,0.3334
6863,227,23,0.3892
6864,227,23,0.3181
6865,227,23,0.0559
6866,227,23,0.2092
6867,227,23,0.8178
6868,227,23,0.8043
6869,227,23,0.2119
6870,227,23,0.3275
6871,227,23,0.8190
6872,227,23,0.8104
7722,228,23,0.8914
7723,228,23,0.6442
7724,228,23,0.8196
7725,228,23,0.9297
7726,228,23,0.9824
7727,228,23,0.9848
7728,228,23,0.9926
7729,228,23,0.9934
7730,228,23,0.9942
7731,228,23,0.9945
5829,223,17,0.3366
5830,223,17,0.2773
5831,223,17,0.3131
5832,223,17,0.6854
5833,223,17,0.6637
5834,223,17,0.6666
5835,223,17,0.6760
5836,223,17,0.3199
5837,223,17,0.2524
5838,223,17,0.5905
6675,226,23,0.8209
6676,226,23,0.3188
6677,226,23,0.6988
6678,226,23,0.9428
6679,226,23,0.9714
6680,226,23,0.5688
6681,226,23,0.9521
6682,226,23,0.9644
6683,226,23,0.1945
6873,227,23,0.8649
6874,227,23,0.5955
6875,227,23,0.8336
6876,227,23,0.2127
6877,227,23,0.3073
6878,227,23,0.3165
7732,228,23,0.6783
7733,228,23,0.5468
7734,228,23,0.6210
7735,228,23,0.9378
7736,228,23,0.9655
7737,228,23,0.9864
7738,228,23,0.9903
7739,228,23,0.9932
7740,228,23,0.9941
7741,228,23,0.9943
5839,223,17,0.8072
5840,223,17,0.4155
5841,223,17,0.1405
5842,223,17,0.6313
5843,223,17,0.6714
5844,223,17,0.2147
5845,223,17,0.5765
5846,223,17,0.7785
5847,223,17,0.1269
5848,223,17,0.6425
6684,226,107,0.6860
6685,226,107,0.7080
6686,226,107,0.8704
6687,226,107,0.9049
6688,226,107,0.8273
6689,226,107,0.9383
6690,226,107,0.9591
6691,226,107,0.9436
6692,226,107,0.6764
6879,227,23,0.0769
6880,227,23,0.1443
6881,227,23,0.4631
6882,227,23,0.8321
6883,227,23,0.7978
6884,227,23,0.8693
6885,227,23,0.7642
6886,227,23,0.8472
6887,227,23,0.2092
6888,227,23,0.5977
7742,228,23,0.5190
7743,228,23,0.4270
7744,228,23,0.8772
7745,228,23,0.9467
7746,228,23,0.9809
7747,228,23,0.9872
7748,228,23,0.9908
7749,228,23,0.9935
7750,228,23,0.9938
7751,228,23,0.9948
5849,223,17,0.7199
5850,223,17,0.4627
5851,223,17,0.7353
5852,223,17,0.8039
5853,223,17,0.7918
5854,223,17,0.1423
5855,223,17,0.6767
5856,223,17,0.3283
5857,223,17,0.4292
5858,223,17,0.5790
6693,226,43,0.7810
6694,226,43,0.3116
6695,226,43,0.9124
6696,226,43,0.4762
6697,226,43,0.9372
6698,226,43,0.5623
6699,226,43,0.6785
6889,227,23,0.4348
6890,227,23,0.8402
6891,227,23,0.1061
6892,227,23,0.7161
6893,227,23,0.7484
6894,227,23,0.8292
6895,227,23,0.8723
6896,227,23,0.8127
6897,227,23,0.2154
6898,227,23,0.7454
7752,228,23,0.9028
7753,228,23,0.0231
7754,228,23,0.9586
7755,228,23,0.9764
7756,228,23,0.9480
7757,228,23,0.8007
7758,228,23,0.8638
7759,228,23,0.9617
7760,228,23,0.9066
7761,228,23,0.9239
5859,223,17,0.0946
5860,223,17,0.7543
5861,223,17,0.9026
5862,223,17,0.0662
5863,223,17,0.1512
5864,223,17,0.6622
5865,223,17,0.3431
5866,223,17,0.6504
5867,223,17,0.7410
5868,223,17,0.8667
6700,226,43,0.2944
6701,226,43,0.9483
6899,227,23,0.8508
6900,227,23,0.3358
6901,227,23,0.7791
6902,227,23,0.7745
6903,227,23,0.8372
6904,227,23,0.7560
6905,227,23,0.8554
6906,227,23,0.8365
6907,227,23,0.8542
6908,227,23,0.1945
7762,228,107,0.9611
7763,228,107,0.3713
7764,228,107,0.0921
7765,228,107,0.8828
7766,228,107,0.7628
7767,228,107,0.8568
7768,228,107,0.7789
7769,228,107,0.8713
7770,228,107,0.6944
7771,228,107,0.8571
5869,223,17,0.4848
5870,223,17,0.4619
6702,226,43,0.9126
6703,226,43,0.2052
6704,226,43,0.9425
6705,226,43,0.9587
6706,226,43,0.9212
6707,226,43,0.9297
6708,226,43,0.8690
6709,226,43,0.4095
6710,226,43,0.9464
6711,226,43,0.8693
6909,227,23,0.5065
6910,227,23,0.3476
6911,227,23,0.6934
6912,227,23,0.7534
6913,227,23,0.7811
6914,227,23,0.8457
6915,227,23,0.8645
6916,227,23,0.9062
6917,227,23,0.9481
6918,227,23,0.9643
7772,228,107,0.8795
7773,228,107,0.0813
7774,228,107,0.8397
7775,228,107,0.8440
7776,228,107,0.9047
7777,228,107,0.9379
7778,228,107,0.9676
7779,228,107,0.9659
7780,228,107,0.9752
7781,228,107,0.9674
5871,223,17,0.5751
5872,223,17,0.6229
5873,223,17,0.0992
5874,223,17,0.4667
5875,223,17,0.7893
5876,223,17,0.8288
5877,223,17,0.8544
5878,223,17,0.7110
5879,223,17,0.8585
5880,223,17,0.7987
6712,226,17,0.2299
6713,226,17,0.4846
6714,226,17,0.7108
6715,226,17,0.9471
6716,226,17,0.4888
6717,226,17,0.4549
6718,226,17,0.3177
6919,227,23,0.3994
6920,227,23,0.6310
6921,227,23,0.8372
6922,227,23,0.9129
6923,227,23,0.9237
6924,227,23,0.9462
6925,227,23,0.9626
6926,227,23,0.9667
6927,227,23,0.9773
6928,227,23,0.9840
7782,228,107,0.8734
7783,228,107,0.7902
7784,228,107,0.8458
7785,228,107,0.8067
7786,228,107,0.1805
7787,228,107,0.9350
7788,228,107,0.8486
7789,228,107,0.9560
7790,228,107,0.9269
5881,223,17,0.8821
5882,223,17,0.6002
5883,223,17,0.2361
5884,223,17,0.2146
5885,223,17,0.5001
5886,223,17,0.5773
5887,223,17,0.7435
5888,223,17,0.8556
5889,223,17,0.8262
5890,223,17,0.1395
6719,226,17,0.2680
6720,226,17,0.7757
6929,227,23,0.4091
6930,227,23,0.4620
6931,227,23,0.7054
6932,227,23,0.7353
6933,227,23,0.7938
6934,227,23,0.8437
6935,227,23,0.8596
6936,227,23,0.8948
6937,227,23,0.9242
6938,227,23,0.9489
7791,228,43,0.8398
7792,228,43,0.9345
7793,228,43,0.5696
7794,228,43,0.4989
7795,228,43,0.9071
7796,228,43,0.9569
7797,228,43,0.9816
7798,228,43,0.9861
7799,228,43,0.9907
7800,228,43,0.9922
5891,223,17,0.3613
5892,223,17,0.6021
5893,223,17,0.5850
5894,223,17,0.8097
5895,223,17,0.8556
5896,223,17,0.8240
5897,223,17,0.1544
5898,223,17,0.2849
5899,223,17,0.5112
5900,223,17,0.8508
6721,226,17,0.3243
6722,226,17,0.7001
6723,226,17,0.6447
6724,226,17,0.4249
6725,226,17,0.9437
6726,226,17,0.4626
6727,226,17,0.4506
6939,227,23,0.8680
6940,227,23,0.4964
6941,227,23,0.1958
6942,227,23,0.4387
6943,227,23,0.3872
6944,227,23,0.6567
6945,227,23,0.2416
6946,227,23,0.4174
6947,227,23,0.3382
6948,227,23,0.5834
7801,228,43,0.7317
7802,228,43,0.9098
7803,228,43,0.1032
7804,228,43,0.0924
7805,228,43,0.5900
7806,228,43,0.8718
7807,228,43,0.0912
7808,228,43,0.7200
7809,228,43,0.7758
7810,228,43,0.1353
5901,223,17,0.4564
5902,223,17,0.7240
5903,223,17,0.8359
5904,223,17,0.1802
5905,223,17,0.6050
5906,223,17,0.6627
5907,223,17,0.6727
5908,223,17,0.6955
5909,223,17,0.7188
5910,223,17,0.7534
6728,226,17,0.9074
6729,226,17,0.6333
6949,227,107,0.6946
6950,227,107,0.9294
6951,227,107,0.9024
6952,227,107,0.9231
6953,227,107,0.9744
6954,227,107,0.9660
6955,227,107,0.8285
6956,227,107,0.9507
6957,227,107,0.8068
7811,228,43,0.9006
7812,228,43,0.8637
7813,228,43,0.9510
7814,228,43,0.9407
7815,228,43,0.8689
7816,228,43,0.9438
7817,228,43,0.8043
7818,228,43,0.4251
7819,228,43,0.9061
7820,228,43,0.3257
5911,223,17,0.1629
5912,223,17,0.1841
5913,223,17,0.5383
5914,223,17,0.8068
5915,223,17,0.8280
5916,223,17,0.8713
5917,223,17,0.7115
5918,223,17,0.8570
5919,223,17,0.1992
5920,223,17,0.3892
6730,226,17,0.9338
6731,226,17,0.1433
6732,226,17,0.5724
6733,226,17,0.9421
6734,226,17,0.4251
6735,226,17,0.8107
6736,226,17,0.9382
6737,226,17,0.5038
6738,226,17,0.1184
6958,227,43,0.9421
6959,227,43,0.7962
6960,227,43,0.6995
6961,227,43,0.6249
6962,227,43,0.5019
6963,227,43,0.1569
7821,228,17,0.8927
7822,228,17,0.9217
7823,228,17,0.9001
7824,228,17,0.2914
7825,228,17,0.3613
7826,228,17,0.5494
7827,228,17,0.8488
7828,228,17,0.9103
7829,228,17,0.9421
7830,228,17,0.9664
5921,223,17,0.3944
5922,223,17,0.8391
5923,223,17,0.0998
5924,223,17,0.4711
5925,223,17,0.4383
5926,223,17,0.7931
5927,223,17,0.8731
5928,223,17,0.1921
5929,223,17,0.3886
5930,223,17,0.8236
6739,226,17,0.3889
6740,226,17,0.7944
6964,227,43,0.4561
6965,227,43,0.5880
7831,228,17,0.7287
7832,228,17,0.9223
7833,228,17,0.7754
7834,228,17,0.8180
7835,228,17,0.8642
7836,228,17,0.9474
7837,228,17,0.9673
7838,228,17,0.8746
7839,228,17,0.9703
5931,223,17,0.5014
5932,223,17,0.3234
5933,223,17,0.1970
5934,223,17,0.7627
5935,223,17,0.1976
5936,223,17,0.5569
5937,223,17,0.8251
5938,223,17,0.3254
5939,223,17,0.7967
5940,223,17,0.8854
6741,226,17,0.8378
6742,226,17,0.3469
6743,226,17,0.2464
6966,227,43,0.8323
6967,227,43,0.7147
6968,227,43,0.9640
6969,227,43,0.8751
6970,227,43,0.9738
6971,227,43,0.8345
7840,228,93,0.6489
7841,228,93,0.6495
7842,228,93,0.7911
7843,228,93,0.9058
7844,228,93,0.6313
7845,228,93,0.6151
7846,228,93,0.9495
7847,228,93,0.3444
7848,228,93,0.4158
7849,228,93,0.7322
5941,223,17,0.0500
5942,223,17,0.2587
5943,223,17,0.5431
5944,223,17,0.7500
5945,223,17,0.7788
5946,223,17,0.8218
5947,223,17,0.8412
5948,223,17,0.8874
5949,223,17,0.0555
5950,223,17,0.1989
6744,226,17,0.4725
6745,226,17,0.7066
6972,227,43,0.9312
6973,227,43,0.7419
6974,227,43,0.9525
6975,227,43,0.9400
6976,227,43,0.1088
6977,227,43,0.8177
6978,227,43,0.2490
6979,227,43,0.4619
7850,228,93,0.3816
7851,228,93,0.6210
7852,228,93,0.5545
7853,228,93,0.0784
7854,228,93,0.5935
7855,228,93,0.7953
7856,228,93,0.8979
7857,228,93,0.9460
7858,228,93,0.9664
7859,228,93,0.9761
5951,223,17,0.2112
5952,223,17,0.5936
5953,223,17,0.6308
5954,223,17,0.0863
5955,223,17,0.6485
5956,223,17,0.8598
5957,223,17,0.8090
5958,223,17,0.8582
5959,223,17,0.7944
5960,223,17,0.3085
6746,226,17,0.9028
6747,226,17,0.9740
6748,226,17,0.8991
6749,226,17,0.9463
6750,226,17,0.0258
6751,226,17,0.7896
6752,226,17,0.9451
6753,226,17,0.8849
6754,226,17,0.9738
6980,227,43,0.8329
6981,227,43,0.8754
6982,227,43,0.8428
6983,227,43,0.8449
7860,228,93,0.3396
7861,228,93,0.4215
7862,228,93,0.8552
7863,228,93,0.9520
7864,228,93,0.9646
7865,228,93,0.0262
7866,228,93,0.6244
7867,228,93,0.4286
7868,228,93,0.8535
7869,228,93,0.9335
5961,223,17,0.5080
5962,223,17,0.8589
5963,223,17,0.4358
5964,223,17,0.7238
5965,223,17,0.8637
5966,223,17,0.9717
5967,223,17,0.9093
5968,223,17,0.5840
5969,223,17,0.8642
5970,223,17,0.4329
6755,226,93,0.8611
6756,226,93,0.9416
6757,226,93,0.9755
6758,226,93,0.9462
6759,226,93,0.5444
6760,226,93,0.7397
6761,226,93,0.9440
6762,226,93,0.9718
6763,226,93,0.9136
6984,227,43,0.9495
6985,227,43,0.8282
6986,227,43,0.9487
6987,227,43,0.9725
6988,227,43,0.8073
6989,227,43,0.0742
7870,228,93,0.5776
7871,228,93,0.6656
7872,228,93,0.6106
7873,228,93,0.9570
7874,228,93,0.9682
7875,228,93,0.9793
7876,228,93,0.9233
7877,228,93,0.9502
7878,228,93,0.9777
5971,223,93,0.5329
5972,223,93,0.9504
5973,223,93,0.9423
5974,223,93,0.9293
5975,223,93,0.9759
5976,223,93,0.2124
5977,223,93,0.9364
5978,223,93,0.8824
5979,223,93,0.8822
5980,223,93,0.1255
6764,226,107,0.2435
6990,227,43,0.9346
6991,227,43,0.4838
6992,227,43,0.9327
6993,227,43,0.7655
6994,227,43,0.4529
6995,227,43,0.4584
6996,227,43,0.2815
6997,227,43,0.4036
6998,227,43,0.3286
6999,227,43,0.7888
7879,228,132,0.7206
7880,228,132,0.9197
7881,228,132,0.8198
7882,228,132,0.9530
7883,228,132,0.8520
7884,228,132,0.6756
7885,228,132,0.1427
7886,228,132,0.9184
7887,228,132,0.8451
7888,228,132,0.9514
5981,223,93,0.3275
5982,223,93,0.9434
5983,223,93,0.9342
5984,223,93,0.9352
5985,223,93,0.4717
5986,223,93,0.9005
5987,223,93,0.9748
5988,223,93,0.9674
5989,223,93,0.9815
5990,223,93,0.9846
7000,227,43,0.5125
7001,227,43,0.2968
7002,227,43,0.3644
7003,227,43,0.7615
7004,227,43,0.7850
7005,227,43,0.8619
7006,227,43,0.6742
7007,227,43,0.2153
7008,227,43,0.3414
7009,227,43,0.5022
7889,228,132,0.9039
7890,228,132,0.8637
7891,228,132,0.9140
7892,228,132,0.9283
7893,228,132,0.3670
7894,228,132,0.1986
7895,228,132,0.6744
7896,228,132,0.9316
7897,228,132,0.9223
7898,228,132,0.5708
7909,229,132,0.2532
7910,229,132,0.6038
7911,229,132,0.7452
7912,229,132,0.7203
7913,229,132,0.8920
7914,229,132,0.5490
7915,229,132,0.6459
7916,229,132,0.9450
7917,229,132,0.3382
7918,229,132,0.9371
5991,223,93,0.5308
5992,223,93,0.3376
5993,223,93,0.3555
5994,223,93,0.6880
5995,223,93,0.7301
5996,223,93,0.7208
5997,223,93,0.7501
5998,223,93,0.7632
5999,223,93,0.7822
6000,223,93,0.8262
7010,227,43,0.1081
7011,227,43,0.6987
7012,227,43,0.1635
7013,227,43,0.7248
7014,227,43,0.4235
7015,227,43,0.5612
7016,227,43,0.1735
7017,227,43,0.6456
7018,227,43,0.2858
7019,227,43,0.5088
7899,228,132,0.9329
7900,228,132,0.9594
7901,228,132,0.9369
7902,228,132,0.9687
7903,228,132,0.9412
7904,228,132,0.9729
7905,228,132,0.9802
7906,228,132,0.9814
7907,228,132,0.9219
7908,228,132,0.9512
7919,229,132,0.3868
7920,229,132,0.6887
7921,229,132,0.1336
7922,229,132,0.0826
6001,223,93,0.3342
6002,223,93,0.0618
6003,223,93,0.6943
6004,223,93,0.3774
6005,223,93,0.4363
6006,223,93,0.0937
6007,223,93,0.7138
6008,223,93,0.5014
6009,223,93,0.7236
6010,223,93,0.7284
7020,227,43,0.0951
7021,227,43,0.5538
7022,227,43,0.6604
7023,227,43,0.6730
7024,227,43,0.6844
7025,227,43,0.2819
7026,227,43,0.7343
7027,227,43,0.3372
7028,227,43,0.6757
7029,227,43,0.6591
7923,229,132,0.1492
7924,229,132,0.5933
8412,230,132,0.2675
8413,230,132,0.6963
8414,230,132,0.9421
8415,230,132,0.4083
8416,230,132,0.9183
8417,230,132,0.9486
8418,230,132,0.9724
8419,230,132,0.9791
8420,230,132,0.9802
8421,230,132,0.9146
6011,223,93,0.6641
6012,223,93,0.8112
6013,223,93,0.5839
6014,223,93,0.8568
6015,223,93,0.8790
6016,223,93,0.9440
6017,223,93,0.9751
6018,223,93,0.9799
6019,223,93,0.0094
6020,223,93,0.8333
7030,227,43,0.3017
7031,227,43,0.3228
7032,227,43,0.6787
7033,227,43,0.7756
7034,227,43,0.7994
7035,227,43,0.7916
7036,227,43,0.7938
7037,227,43,0.8318
7038,227,43,0.8795
7039,227,43,0.9609
7925,229,132,0.8699
7926,229,132,0.5556
7927,229,132,0.3252
7928,229,132,0.6849
8422,230,23,0.6622
8423,230,23,0.4676
8424,230,23,0.4519
6021,223,93,0.9271
6022,223,93,0.7029
6023,223,93,0.3460
6024,223,93,0.7888
6025,223,93,0.4676
6026,223,93,0.9465
6027,223,93,0.9709
6028,223,93,0.7739
6029,223,93,0.7670
6030,223,93,0.0849
7040,227,43,0.8778
7041,227,43,0.6775
7042,227,43,0.9541
7043,227,43,0.8041
7044,227,43,0.6604
7045,227,43,0.5586
7046,227,43,0.7674
7047,227,43,0.1824
7048,227,43,0.8515
7049,227,43,0.6993
7929,229,132,0.8855
7930,229,132,0.9347
7931,229,132,0.9011
7932,229,132,0.9596
7933,229,132,0.9763
7934,229,132,0.9752
7935,229,132,0.2355
7936,229,132,0.3454
7937,229,132,0.4445
7938,229,132,0.2984
8425,230,23,0.9188
8426,230,23,0.9705
8427,230,23,0.9021
8428,230,23,0.6390
7050,227,43,0.9271
7051,227,43,0.2925
7052,227,43,0.9446
7053,227,43,0.1191
7054,227,43,0.7548
7055,227,43,0.9307
7056,227,43,0.9679
7057,227,43,0.8696
7058,227,43,0.9637
7059,227,43,0.9781
7939,229,132,0.8458
7940,229,132,0.9374
7941,229,132,0.5024
7942,229,132,0.9165
7943,229,132,0.0879
8429,230,23,0.8849
8430,230,23,0.9569
8431,230,23,0.6498
8432,230,23,0.9572
8433,230,23,0.8725
8434,230,23,0.5562
8574,231,132,0.8022
8575,231,132,0.3581
8576,231,132,0.8376
8577,231,132,0.9393
8578,231,132,0.3988
8579,231,132,0.8551
8580,231,132,0.7422
8581,231,132,0.9114
8582,231,132,0.9224
8583,231,132,0.9626
7060,227,43,0.9451
7061,227,43,0.9497
7062,227,43,0.6286
7063,227,43,0.8265
7064,227,43,0.2205
7065,227,43,0.1859
7066,227,43,0.6801
7067,227,43,0.1412
7068,227,43,0.7387
7069,227,43,0.2563
7944,229,132,0.8769
7945,229,132,0.9692
7946,229,132,0.9708
7947,229,132,0.6168
7948,229,132,0.3793
7949,229,132,0.9518
7950,229,132,0.8464
7951,229,132,0.6201
7952,229,132,0.9464
7953,229,132,0.9752
8435,230,23,0.9252
8436,230,23,0.5844
8437,230,23,0.6728
8438,230,23,0.9464
8439,230,23,0.9572
8440,230,23,0.7471
8584,231,132,0.9511
8585,231,132,0.5259
8586,231,132,0.9588
8587,231,132,0.9751
8588,231,132,0.5700
8589,231,132,0.8368
8590,231,132,0.9700
8591,231,132,0.5716
8592,231,132,0.9525
8593,231,132,0.9759
7070,227,43,0.6743
7071,227,43,0.6853
7072,227,43,0.5361
7073,227,43,0.4769
7074,227,43,0.2262
7075,227,43,0.9430
7076,227,43,0.8704
7077,227,43,0.8839
7078,227,43,0.9379
7079,227,43,0.7767
7954,229,23,0.8840
7955,229,23,0.8451
7956,229,23,0.6902
8441,230,23,0.9189
8442,230,23,0.9677
8443,230,23,0.4521
8594,231,132,0.9379
8595,231,132,0.7690
8596,231,132,0.8550
8597,231,132,0.9515
8598,231,132,0.9713
8599,231,132,0.9745
8600,231,132,0.9503
8601,231,132,0.9681
8602,231,132,0.9066
8603,231,132,0.9391
7080,227,17,0.8817
7081,227,17,0.9104
7082,227,17,0.9698
7083,227,17,0.9794
7084,227,17,0.3687
7085,227,17,0.8124
7086,227,17,0.7927
7087,227,17,0.9578
7088,227,17,0.9806
7089,227,17,0.9852
7957,229,23,0.4807
7958,229,23,0.7984
8444,230,23,0.9288
8445,230,23,0.9693
8446,230,23,0.5683
8447,230,23,0.8786
8448,230,23,0.9539
8449,230,23,0.7589
8450,230,23,0.9449
8451,230,23,0.1338
8452,230,23,0.8957
8604,231,23,0.8533
8605,231,23,0.7421
8606,231,23,0.5536
8607,231,23,0.9576
8608,231,23,0.9768
8609,231,23,0.9827
8610,231,23,0.9634
8611,231,23,0.9837
8612,231,23,0.9856
8613,231,23,0.9866
7090,227,17,0.8664
7091,227,17,0.3705
7092,227,17,0.4395
7093,227,17,0.1191
7959,229,23,0.9019
7960,229,23,0.6765
7961,229,23,0.6215
7962,229,23,0.9437
7963,229,23,0.9342
7964,229,23,0.9685
7965,229,23,0.9703
7966,229,23,0.9806
7967,229,23,0.4378
7968,229,23,0.9509
8453,230,107,0.7597
8454,230,107,0.9328
8455,230,107,0.9681
8456,230,107,0.9755
8457,230,107,0.9141
8458,230,107,0.9572
8459,230,107,0.7645
8460,230,107,0.9708
8461,230,107,0.9258
8614,231,23,0.6725
8615,231,23,0.8099
8616,231,23,0.3385
8617,231,23,0.9445
8618,231,23,0.4211
8619,231,23,0.7326
8620,231,23,0.9330
8621,231,23,0.9737
8622,231,23,0.2954
8623,231,23,0.4440
7094,227,17,0.4701
7095,227,17,0.5421
7969,229,23,0.9018
7970,229,23,0.7452
7971,229,23,0.9457
7972,229,23,0.1604
7973,229,23,0.7680
7974,229,23,0.8316
7975,229,23,0.0428
8462,230,43,0.8575
8463,230,43,0.7023
8464,230,43,0.2133
8465,230,43,0.1919
8624,231,23,0.5929
8625,231,23,0.4208
8626,231,23,0.9442
8627,231,23,0.7360
8628,231,23,0.8633
8629,231,23,0.9598
8630,231,23,0.9403
8631,231,23,0.9183
8632,231,23,0.5540
8633,231,23,0.9327
7096,227,17,0.5879
7097,227,17,0.8244
7098,227,17,0.8932
7099,227,17,0.3256
7100,227,17,0.8818
7101,227,17,0.0829
7102,227,17,0.0888
7103,227,17,0.7954
7104,227,17,0.8101
7105,227,17,0.0448
7976,229,23,0.9163
7977,229,23,0.4040
7978,229,23,0.3912
8466,230,43,0.9493
8467,230,43,0.9401
8468,230,43,0.3609
8469,230,43,0.8966
8634,231,23,0.9132
8635,231,23,0.4713
8636,231,23,0.9517
8637,231,23,0.6368
8638,231,23,0.8045
8639,231,23,0.9494
8640,231,23,0.8310
8641,231,23,0.9655
8642,231,23,0.9801
8643,231,23,0.9840
7106,227,17,0.4622
7107,227,17,0.4319
7979,229,23,0.9281
7980,229,23,0.7698
8470,230,43,0.1048
8644,231,23,0.4425
8645,231,23,0.9541
8646,231,23,0.6275
8647,231,23,0.6253
8648,231,23,0.7700
8649,231,23,0.7380
8650,231,23,0.9575
8651,231,23,0.9762
8652,231,23,0.9812
8653,231,23,0.9837
7108,227,17,0.7821
7109,227,17,0.5879
7981,229,23,0.7875
7982,229,23,0.7232
7983,229,23,0.6018
8471,230,43,0.8231
8472,230,43,0.7072
8473,230,43,0.4302
8474,230,43,0.9185
8475,230,43,0.8621
8476,230,43,0.4833
8477,230,43,0.4444
8654,231,23,0.5494
8655,231,23,0.9514
8656,231,23,0.9739
8657,231,23,0.6592
8658,231,23,0.9611
8659,231,23,0.7713
8660,231,23,0.9658
8661,231,23,0.4861
8662,231,23,0.9255
8663,231,23,0.9751
7110,227,43,0.0779
7984,229,23,0.9206
7985,229,23,0.6231
8478,230,43,0.8874
8479,230,43,0.9416
8480,230,43,0.5837
8481,230,43,0.4102
8482,230,43,0.4506
8483,230,43,0.7105
8484,230,43,0.6332
8485,230,43,0.5638
8664,231,23,0.5616
8665,231,23,0.7795
8666,231,23,0.3310
8667,231,23,0.2306
8668,231,23,0.9380
8669,231,23,0.7859
8670,231,23,0.8644
8671,231,23,0.7536
8672,231,23,0.1642
8673,231,23,0.5530
7111,227,17,0.3465
7112,227,17,0.6224
7986,229,23,0.6445
7987,229,23,0.9459
7988,229,23,0.8285
7989,229,23,0.2884
7990,229,23,0.9549
7991,229,23,0.9486
7992,229,23,0.7395
7993,229,23,0.8835
7994,229,23,0.9490
7995,229,23,0.7018
8486,230,43,0.9043
8487,230,43,0.7482
8488,230,43,0.6183
8489,230,43,0.8166
8490,230,43,0.9435
8491,230,43,0.9742
8492,230,43,0.5663
8493,230,43,0.7416
8494,230,43,0.3033
8495,230,43,0.8383
8674,231,23,0.9249
8675,231,23,0.9559
8676,231,23,0.4147
8677,231,23,0.9252
8678,231,23,0.4387
8679,231,23,0.9062
8680,231,23,0.9652
8681,231,23,0.9787
8682,231,23,0.9833
8683,231,23,0.9860
7113,227,17,0.9136
7114,227,17,0.9736
7115,227,17,0.9789
7116,227,17,0.5489
7117,227,17,0.4049
7996,229,23,0.5998
8496,230,17,0.8883
8497,230,17,0.7907
8498,230,17,0.6121
8684,231,23,0.7635
8685,231,23,0.8133
8686,231,23,0.3795
8687,231,23,0.9507
8688,231,23,0.7314
8689,231,23,0.8099
8690,231,23,0.9465
8691,231,23,0.1232
8692,231,23,0.9061
8693,231,23,0.7427
7118,227,17,0.6543
7119,227,17,0.6962
7997,229,23,0.8327
7998,229,23,0.9666
7999,229,23,0.4192
8000,229,23,0.9385
8001,229,23,0.8334
8002,229,23,0.1374
8003,229,23,0.8816
8499,230,17,0.3781
8500,230,17,0.3858
8501,230,17,0.3760
8694,231,107,0.9358
8695,231,107,0.2669
8696,231,107,0.9202
8697,231,107,0.9365
8698,231,107,0.8977
8699,231,107,0.9562
8700,231,107,0.9108
8701,231,107,0.6142
8702,231,107,0.8854
8703,231,107,0.9353
7120,227,17,0.6478
7121,227,17,0.6542
7122,227,17,0.7763
7123,227,17,0.8823
7124,227,17,0.9265
7125,227,17,0.2416
7126,227,17,0.4627
7127,227,17,0.4584
7128,227,17,0.5525
7129,227,17,0.9498
8004,229,23,0.7695
8005,229,23,0.0677
8006,229,23,0.9761
8007,229,23,0.9782
8008,229,23,0.9838
8009,229,23,0.9821
8010,229,23,0.7696
8011,229,23,0.5687
8012,229,23,0.8666
8013,229,23,0.5943
8502,230,17,0.5486
8503,230,17,0.9487
8504,230,17,0.9719
8505,230,17,0.7839
8506,230,17,0.8986
8507,230,17,0.2715
8704,231,107,0.9030
8705,231,107,0.9339
8706,231,107,0.9157
8707,231,107,0.9424
8708,231,107,0.9348
8709,231,107,0.9089
8710,231,107,0.9458
8711,231,107,0.9404
8712,231,107,0.1567
8713,231,107,0.6977
7130,227,17,0.4223
7131,227,17,0.6122
8014,229,23,0.5380
8015,229,23,0.2625
8016,229,23,0.7632
8508,230,17,0.9263
8509,230,17,0.5518
8510,230,17,0.9572
8511,230,17,0.6141
8512,230,17,0.2610
8513,230,17,0.2563
8714,231,43,0.7383
8715,231,43,0.7493
8716,231,43,0.5004
8717,231,43,0.1107
8718,231,43,0.7652
8719,231,43,0.9255
8720,231,43,0.9648
8721,231,43,0.9759
8722,231,43,0.9700
8723,231,43,0.9782
7132,227,17,0.8948
7133,227,17,0.9575
7134,227,17,0.9776
7135,227,17,0.9816
7136,227,17,0.8361
7137,227,17,0.5057
7138,227,17,0.7463
7139,227,17,0.9598
7140,227,17,0.9401
7141,227,17,0.9763
8017,229,23,0.9240
8018,229,23,0.6886
8019,229,23,0.5714
8020,229,23,0.8298
8021,229,23,0.9514
8022,229,23,0.9813
8023,229,23,0.9905
8024,229,23,0.9931
8025,229,23,0.9938
8026,229,23,0.9947
8514,230,17,0.8937
8515,230,17,0.9740
8516,230,17,0.6703
8724,231,43,0.6184
8725,231,43,0.9536
8726,231,43,0.9766
8727,231,43,0.9108
8728,231,43,0.6064
8729,231,43,0.9629
8730,231,43,0.3649
8731,231,43,0.6702
8732,231,43,0.9640
8733,231,43,0.7688
7142,227,17,0.9640
7143,227,17,0.8599
7144,227,17,0.2268
8027,229,23,0.7022
8028,229,23,0.9523
8029,229,23,0.8907
8030,229,23,0.8758
8031,229,23,0.7819
8032,229,23,0.9697
8033,229,23,0.9771
8034,229,23,0.1023
8035,229,23,0.1975
8036,229,23,0.5049
8517,230,17,0.9199
8518,230,17,0.8525
8519,230,17,0.2355
8520,230,17,0.7486
8521,230,17,0.3450
8734,231,43,0.5522
8735,231,43,0.4659
8736,231,43,0.9535
8737,231,43,0.4670
8738,231,43,0.0667
8739,231,43,0.8780
8740,231,43,0.9551
8741,231,43,0.9734
8742,231,43,0.9809
8743,231,43,0.9823
7145,227,17,0.9226
7146,227,17,0.4380
7147,227,17,0.5818
7148,227,17,0.8913
7149,227,17,0.8445
7150,227,17,0.5404
7151,227,17,0.3540
7152,227,17,0.5377
7153,227,17,0.7881
7154,227,17,0.7505
8037,229,23,0.7115
8038,229,23,0.4177
8039,229,23,0.6308
8040,229,23,0.4400
8041,229,23,0.1518
8042,229,23,0.8583
8043,229,23,0.9003
8044,229,23,0.9483
8045,229,23,0.9730
8046,229,23,0.9693
8522,230,17,0.6736
8523,230,17,0.7354
8744,231,43,0.9052
8745,231,43,0.6486
8746,231,43,0.5152
8747,231,43,0.4863
8748,231,43,0.8896
8749,231,43,0.1361
8750,231,43,0.8799
8751,231,43,0.9337
8752,231,43,0.9575
8753,231,43,0.9791
7155,227,17,0.6225
7156,227,17,0.3106
7157,227,17,0.3885
7158,227,17,0.3688
7159,227,17,0.3527
7160,227,17,0.4048
7161,227,17,0.4669
7162,227,17,0.8333
7163,227,17,0.7577
7164,227,17,0.1400
8047,229,23,0.6551
8048,229,23,0.0611
8049,229,23,0.6717
8050,229,23,0.9617
8051,229,23,0.9811
8052,229,23,0.1551
8053,229,23,0.7362
8054,229,23,0.5274
8055,229,23,0.2818
8056,229,23,0.9259
8524,230,17,0.8048
8525,230,17,0.4443
8526,230,17,0.7526
8527,230,17,0.9029
8528,230,17,0.6767
8529,230,17,0.3312
8754,231,43,0.5067
8755,231,43,0.9530
8756,231,43,0.9633
8757,231,43,0.9221
8758,231,43,0.8338
8759,231,43,0.8313
8760,231,43,0.4783
8761,231,43,0.7186
8762,231,43,0.5184
8763,231,43,0.2820
7165,227,17,0.8078
7166,227,17,0.1839
7167,227,17,0.8596
7168,227,17,0.8417
7169,227,17,0.9285
7170,227,17,0.0351
7171,227,17,0.5511
7172,227,17,0.2363
7173,227,17,0.6519
7174,227,17,0.7845
8057,229,107,0.6951
8058,229,107,0.5266
8059,229,107,0.2539
8060,229,107,0.5021
8061,229,107,0.8886
8062,229,107,0.9512
8063,229,107,0.9182
8064,229,107,0.9580
8065,229,107,0.9692
8066,229,107,0.9804
8530,230,17,0.5784
8531,230,17,0.7445
8764,231,17,0.6149
8765,231,17,0.7430
8766,231,17,0.7175
8767,231,17,0.9373
8768,231,17,0.9745
8769,231,17,0.9903
8770,231,17,0.9911
8771,231,17,0.9946
8772,231,17,0.9945
8773,231,17,0.9950
7175,227,17,0.9143
7176,227,17,0.5126
7177,227,17,0.8640
7178,227,17,0.9244
7179,227,17,0.1723
7180,227,17,0.8512
7181,227,17,0.1416
7182,227,17,0.3093
7183,227,17,0.4692
7184,227,17,0.3092
8067,229,107,0.8908
8068,229,107,0.4668
8069,229,107,0.7429
8070,229,107,0.6633
8071,229,107,0.9154
8072,229,107,0.9579
8073,229,107,0.9821
8074,229,107,0.9718
8075,229,107,0.9927
8076,229,107,0.9921
8532,230,17,0.3836
8533,230,17,0.5336
8774,231,17,0.7154
8775,231,17,0.5546
8776,231,17,0.9524
8777,231,17,0.4272
8778,231,17,0.8852
8779,231,17,0.9463
8780,231,17,0.9648
8781,231,17,0.9764
8782,231,17,0.9830
8783,231,17,0.9856
7185,227,17,0.1872
7186,227,17,0.6350
7187,227,17,0.8201
7188,227,17,0.1326
7189,227,17,0.6448
7190,227,17,0.7493
7191,227,17,0.1342
7192,227,17,0.6235
7193,227,17,0.5983
7194,227,17,0.4463
8077,229,107,0.4350
8078,229,107,0.5677
8079,229,107,0.8377
8080,229,107,0.8866
8081,229,107,0.9549
8082,229,107,0.9873
8083,229,107,0.9832
8084,229,107,0.9887
8085,229,107,0.9883
8086,229,107,0.9948
8534,230,17,0.7918
8535,230,17,0.7909
8536,230,17,0.5595
8537,230,17,0.5098
8538,230,17,0.2239
8784,231,17,0.2297
8785,231,17,0.4353
8786,231,17,0.9484
8787,231,17,0.4390
8788,231,17,0.8815
8789,231,17,0.9472
8790,231,17,0.9721
8791,231,17,0.9814
8792,231,17,0.9837
8793,231,17,0.9844
7195,227,17,0.8446
7196,227,17,0.6143
7197,227,17,0.7733
7198,227,17,0.8505
7199,227,17,0.8922
7200,227,17,0.9425
7201,227,17,0.0862
7202,227,17,0.7659
7203,227,17,0.7589
7204,227,17,0.8597
8087,229,107,0.8058
8088,229,107,0.7838
8089,229,107,0.9244
8090,229,107,0.9446
8091,229,107,0.9765
8092,229,107,0.9772
8093,229,107,0.9742
8094,229,107,0.9340
8095,229,107,0.4939
8096,229,107,0.4215
8539,230,17,0.8333
8540,230,17,0.6401
8794,231,17,0.6431
8795,231,17,0.9560
8796,231,17,0.4303
8797,231,17,0.9495
8798,231,17,0.6931
8799,231,17,0.3454
8800,231,17,0.8560
8801,231,17,0.9283
8802,231,17,0.9475
8803,231,17,0.9646
7205,227,17,0.5516
7206,227,17,0.8044
7207,227,17,0.0911
7208,227,17,0.6208
7209,227,17,0.1640
7210,227,17,0.6753
7211,227,17,0.3277
7212,227,17,0.8897
7213,227,17,0.9051
7214,227,17,0.1585
8097,229,107,0.7781
8098,229,107,0.9467
8099,229,107,0.6454
8100,229,107,0.0900
8101,229,107,0.7841
8102,229,107,0.8960
8103,229,107,0.9481
8104,229,107,0.9666
8105,229,107,0.9729
8106,229,107,0.9738
8541,230,17,0.5754
8542,230,17,0.1879
8543,230,17,0.2253
8544,230,17,0.2941
8804,231,17,0.8493
8805,231,17,0.3010
8806,231,17,0.9555
8807,231,17,0.9717
8808,231,17,0.8283
8809,231,17,0.8998
8810,231,17,0.1928
8811,231,17,0.7979
8812,231,17,0.2086
8813,231,17,0.8507
7215,227,17,0.8406
7216,227,17,0.9542
7217,227,17,0.9313
7218,227,17,0.0274
7219,227,17,0.4987
7220,227,17,0.2457
8107,229,107,0.8810
8108,229,107,0.8076
8109,229,107,0.9446
8110,229,107,0.6436
8111,229,107,0.6928
8112,229,107,0.3137
8113,229,107,0.5728
8114,229,107,0.6947
8115,229,107,0.9305
8116,229,107,0.9846
8545,230,17,0.7783
8546,230,17,0.9575
8547,230,17,0.5301
8548,230,17,0.9065
8549,230,17,0.5653
8550,230,17,0.9479
8551,230,17,0.2630
8552,230,17,0.7399
8553,230,17,0.7796
8554,230,17,0.1981
8814,231,17,0.7435
8815,231,17,0.4149
8816,231,17,0.4457
8817,231,17,0.7488
8818,231,17,0.8079
8819,231,17,0.4967
8820,231,17,0.8972
8821,231,17,0.9474
8822,231,17,0.9691
8823,231,17,0.9770
7221,227,17,0.7112
7222,227,17,0.9390
7223,227,17,0.9448
7224,227,17,0.9731
7225,227,17,0.9772
7226,227,17,0.5621
7227,227,17,0.3216
7228,227,17,0.6270
8117,229,107,0.9080
8118,229,107,0.9764
8119,229,107,0.9619
8120,229,107,0.8939
8121,229,107,0.3526
8122,229,107,0.7818
8123,229,107,0.3731
8124,229,107,0.2413
8125,229,107,0.8595
8126,229,107,0.9355
8555,230,17,0.8247
8556,230,17,0.9707
8557,230,17,0.8134
8558,230,17,0.9582
8559,230,17,0.7566
8560,230,17,0.6881
8561,230,17,0.8158
8562,230,17,0.3097
8563,230,17,0.7772
8564,230,17,0.4077
8824,231,17,0.7658
8825,231,17,0.9034
8826,231,17,0.9029
8827,231,17,0.7809
8828,231,17,0.9665
8829,231,17,0.9784
8830,231,17,0.5057
8831,231,17,0.7124
8832,231,17,0.2781
8833,231,17,0.2728
7229,227,17,0.9266
7230,227,17,0.7911
7231,227,17,0.9687
7232,227,17,0.5003
7233,227,17,0.4573
8127,229,107,0.4302
8128,229,107,0.9394
8129,229,107,0.4289
8130,229,107,0.8823
8131,229,107,0.9604
8132,229,107,0.9749
8133,229,107,0.9830
8134,229,107,0.9870
8135,229,107,0.9919
8136,229,107,0.9896
8565,230,93,0.3237
8566,230,93,0.9431
8567,230,93,0.8675
8568,230,93,0.8607
8569,230,93,0.9419
8570,230,93,0.9613
8571,230,93,0.4290
8572,230,93,0.9660
8573,230,93,0.9392
8834,231,17,0.6639
8835,231,17,0.9479
8836,231,17,0.4218
8837,231,17,0.5103
8838,231,17,0.5937
8839,231,17,0.1662
8840,231,17,0.3034
8841,231,17,0.7768
8842,231,17,0.9347
8843,231,17,0.9595
7234,227,17,0.2494
7235,227,17,0.6288
8137,229,107,0.8029
8138,229,107,0.9672
8139,229,107,0.4949
8140,229,107,0.9015
8141,229,107,0.8831
8142,229,107,0.9648
8143,229,107,0.9397
8144,229,107,0.9593
8145,229,107,0.8885
8844,231,17,0.2299
8845,231,17,0.4654
8846,231,17,0.9268
8847,231,17,0.6209
8848,231,17,0.8648
8849,231,17,0.9699
8850,231,17,0.9707
8851,231,17,0.9514
8852,231,17,0.9788
8853,231,17,0.5150
8884,232,132,0.1817
8885,232,132,0.2835
8886,232,132,0.7575
8887,232,132,0.4562
7236,227,17,0.6323
7237,227,17,0.4757
7238,227,17,0.7363
7239,227,17,0.7158
7240,227,17,0.7456
7241,227,17,0.6315
7242,227,17,0.8826
7243,227,17,0.6897
7244,227,17,0.5024
8146,229,43,0.9364
8147,229,43,0.7856
8148,229,43,0.3550
8149,229,43,0.8487
8150,229,43,0.5862
8151,229,43,0.6714
8152,229,43,0.3599
8153,229,43,0.7833
8154,229,43,0.9199
8155,229,43,0.8363
8854,231,17,0.7589
8855,231,17,0.6736
8856,231,17,0.6720
8857,231,17,0.1196
8858,231,17,0.4787
8859,231,17,0.7947
8860,231,17,0.9573
8861,231,17,0.9735
8862,231,17,0.9792
8863,231,17,0.9841
8888,232,132,0.9127
8889,232,132,0.6794
8890,232,132,0.3895
8891,232,132,0.2062
8892,232,132,0.4073
8893,232,132,0.9436
8894,232,132,0.9401
8895,232,132,0.9770
8896,232,132,0.9804
8897,232,132,0.9796
7245,227,17,0.3043
7246,227,17,0.8461
8156,229,43,0.5762
8157,229,43,0.3500
8158,229,43,0.9380
8159,229,43,0.9432
8160,229,43,0.9697
8161,229,43,0.9227
8162,229,43,0.9742
8163,229,43,0.9795
8164,229,43,0.9848
8165,229,43,0.9853
8864,231,93,0.3916
8865,231,93,0.9219
8866,231,93,0.6797
8867,231,93,0.7849
8868,231,93,0.7740
8869,231,93,0.9457
8870,231,93,0.9753
8871,231,93,0.9835
8872,231,93,0.9774
8873,231,93,0.9844
8898,232,23,0.9316
8899,232,23,0.9689
8900,232,23,0.9791
8901,232,23,0.9181
8902,232,23,0.8627
8903,232,23,0.9491
8904,232,23,0.9759
8905,232,23,0.3445
8906,232,23,0.0415
8907,232,23,0.8190
7247,227,17,0.8623
7248,227,17,0.5773
7249,227,17,0.6185
7250,227,17,0.6879
7251,227,17,0.5900
7252,227,17,0.7448
7253,227,17,0.6531
7254,227,17,0.2110
7255,227,17,0.8373
8166,229,43,0.7578
8167,229,43,0.9183
8168,229,43,0.9523
8169,229,43,0.8635
8170,229,43,0.9745
8171,229,43,0.9024
8172,229,43,0.5147
8173,229,43,0.9385
8174,229,43,0.9480
8874,231,17,0.3347
8875,231,17,0.4692
8876,231,17,0.9401
8877,231,17,0.8044
8878,231,17,0.8880
8879,231,17,0.8412
8880,231,17,0.9512
8881,231,17,0.9708
8882,231,17,0.9850
8883,231,17,0.9826
8908,232,107,0.8274
8909,232,107,0.5118
8910,232,107,0.8878
8911,232,107,0.8861
8912,232,107,0.9597
8913,232,107,0.9192
8914,232,107,0.9563
8915,232,107,0.9441
8916,232,107,0.0466
8917,232,107,0.9071
7256,227,17,0.7511
7257,227,17,0.9676
7258,227,17,0.4939
8175,229,17,0.6795
8176,229,17,0.6205
8177,229,17,0.6566
8178,229,17,0.9389
8179,229,17,0.9772
8180,229,17,0.9890
8181,229,17,0.9929
8182,229,17,0.9950
8183,229,17,0.9966
8184,229,17,0.9930
8918,232,43,0.5741
8919,232,43,0.6410
8920,232,43,0.8197
8921,232,43,0.7334
8922,232,43,0.9596
8923,232,43,0.9716
8924,232,43,0.9757
8925,232,43,0.9812
8926,232,43,0.9819
8927,232,43,0.9816
8967,233,132,0.7944
8968,233,132,0.1575
8969,233,132,0.7845
8970,233,132,0.9388
8971,233,132,0.9736
8972,233,132,0.5362
8973,233,132,0.8722
8974,233,132,0.9273
8975,233,132,0.9422
8976,233,132,0.9725
7259,227,17,0.9105
7260,227,17,0.6550
7261,227,17,0.5646
8185,229,17,0.7272
8186,229,17,0.7179
8187,229,17,0.8890
8188,229,17,0.9807
8189,229,17,0.9855
8190,229,17,0.9933
8191,229,17,0.9926
8192,229,17,0.9959
8193,229,17,0.9939
8194,229,17,0.9952
8928,232,43,0.9635
8929,232,43,0.9507
8930,232,43,0.7648
8931,232,43,0.9252
8932,232,43,0.8913
8933,232,43,0.2754
8934,232,43,0.9659
8935,232,43,0.9784
8936,232,43,0.9195
8977,233,132,0.3687
8978,233,132,0.1232
8979,233,132,0.3858
7262,227,17,0.3739
7263,227,17,0.6116
8195,229,17,0.4901
8196,229,17,0.7185
8197,229,17,0.5231
8198,229,17,0.7826
8199,229,17,0.3901
8200,229,17,0.8122
8201,229,17,0.8983
8202,229,17,0.8743
8203,229,17,0.9804
8204,229,17,0.9884
8937,232,17,0.7415
8938,232,17,0.3813
8939,232,17,0.7561
8940,232,17,0.7176
8941,232,17,0.5335
8942,232,17,0.7409
8943,232,17,0.9654
8944,232,17,0.9813
8945,232,17,0.6278
8946,232,17,0.9465
8980,233,132,0.5673
8981,233,132,0.9565
8982,233,132,0.9249
8983,233,132,0.5163
8984,233,132,0.4461
7264,227,17,0.5891
7265,227,17,0.7608
7266,227,17,0.8307
8205,229,17,0.9063
8206,229,17,0.9760
8207,229,17,0.5540
8208,229,17,0.9383
8209,229,17,0.9729
8210,229,17,0.4804
8211,229,17,0.7943
8212,229,17,0.8893
8213,229,17,0.9570
8214,229,17,0.9823
8947,232,17,0.7779
8948,232,17,0.9681
8949,232,17,0.7478
8950,232,17,0.4965
8951,232,17,0.9025
8952,232,17,0.9385
8953,232,17,0.9276
8954,232,17,0.9788
8955,232,17,0.7408
8956,232,17,0.9301
8985,233,132,0.8184
8986,233,132,0.5230
8987,233,132,0.4132
8988,233,132,0.5310
7267,227,17,0.6529
7268,227,17,0.2715
8215,229,17,0.4180
8216,229,17,0.2141
8217,229,17,0.9163
8218,229,17,0.8976
8219,229,17,0.9337
8220,229,17,0.5584
8957,232,93,0.9584
8958,232,93,0.9438
8959,232,93,0.8300
8960,232,93,0.4955
8961,232,93,0.7783
8962,232,93,0.6632
8963,232,93,0.8820
8964,232,93,0.6297
8965,232,93,0.8755
8966,232,93,0.9420
8989,233,132,0.9371
8990,233,132,0.6514
8991,233,132,0.4512
8992,233,132,0.2181
7269,227,17,0.6227
7270,227,17,0.6158
8221,229,17,0.7836
8222,229,17,0.9675
8223,229,17,0.9739
8224,229,17,0.4945
8225,229,17,0.6475
8226,229,17,0.7324
8227,229,17,0.9421
8228,229,17,0.9730
8229,229,17,0.9829
8230,229,17,0.9855
8993,233,132,0.2240
8994,233,132,0.5787
9239,234,132,0.8023
9240,234,132,0.8073
9241,234,132,0.3046
9242,234,132,0.8446
9243,234,132,0.4505
9244,234,132,0.8154
9245,234,132,0.9310
9246,234,132,0.9123
9247,234,132,0.8419
9248,234,132,0.9714
7271,227,17,0.4147
7272,227,17,0.6974
8231,229,17,0.5532
8232,229,17,0.3289
8233,229,17,0.9444
8234,229,17,0.9776
8235,229,17,0.8678
8236,229,17,0.9704
8237,229,17,0.9820
8238,229,17,0.9835
8239,229,17,0.9839
8240,229,17,0.9868
8995,233,132,0.6942
8996,233,132,0.8269
9249,234,132,0.8983
9250,234,132,0.1428
9251,234,132,0.6520
9252,234,132,0.5903
9253,234,132,0.9353
9254,234,132,0.9725
9255,234,132,0.9792
9256,234,132,0.9777
9257,234,132,0.0703
9258,234,132,0.9712
7273,227,17,0.8642
7274,227,17,0.6208
7275,227,17,0.9568
7276,227,17,0.9780
7277,227,17,0.8995
7278,227,17,0.6413
7279,227,17,0.6475
8241,229,17,0.7174
8242,229,17,0.7935
8243,229,17,0.5218
8244,229,17,0.9496
8245,229,17,0.9728
8246,229,17,0.9759
8247,229,17,0.1855
8248,229,17,0.0811
8249,229,17,0.6173
8250,229,17,0.8713
8997,233,132,0.9212
8998,233,132,0.8088
8999,233,132,0.0783
9000,233,132,0.7857
9259,234,23,0.9149
9260,234,23,0.6581
7280,227,17,0.6938
7281,227,17,0.2357
7282,227,17,0.9479
7283,227,17,0.9559
7284,227,17,0.9760
7285,227,17,0.9800
7286,227,17,0.8171
7287,227,17,0.9714
7288,227,17,0.9585
7289,227,17,0.4568
8251,229,17,0.3862
8252,229,17,0.7325
9001,233,132,0.8790
9002,233,132,0.3984
9003,233,132,0.7703
9004,233,132,0.7060
9261,234,23,0.5443
9262,234,23,0.9532
9263,234,23,0.7274
9264,234,23,0.9302
9265,234,23,0.6216
7290,227,17,0.3952
7291,227,17,0.6948
7292,227,17,0.7728
8253,229,17,0.8673
8254,229,17,0.0282
8255,229,17,0.5257
8256,229,17,0.4578
8257,229,17,0.6423
8258,229,17,0.9025
8259,229,17,0.9683
8260,229,17,0.9873
8261,229,17,0.9903
8262,229,17,0.9937
9005,233,132,0.9102
9006,233,132,0.9166
9007,233,132,0.5775
9008,233,132,0.2539
9266,234,23,0.9166
9267,234,23,0.8739
9268,234,23,0.9735
9269,234,23,0.6367
9270,234,23,0.8134
9271,234,23,0.4713
9272,234,23,0.0563
9273,234,23,0.5938
9274,234,23,0.4187
7293,227,17,0.5779
7294,227,17,0.7575
8263,229,17,0.7176
8264,229,17,0.3321
8265,229,17,0.9365
8266,229,17,0.9673
8267,229,17,0.9770
8268,229,17,0.9796
8269,229,17,0.9841
8270,229,17,0.9865
8271,229,17,0.9865
8272,229,17,0.9880
9009,233,132,0.7343
9010,233,132,0.9249
9011,233,132,0.3496
9012,233,132,0.9580
9013,233,132,0.9274
9014,233,132,0.9374
9015,233,132,0.9412
9016,233,132,0.9682
9017,233,132,0.9318
9018,233,132,0.7930
9275,234,23,0.6992
9276,234,23,0.1692
9277,234,23,0.6036
9278,234,23,0.3307
7295,227,93,0.2968
8273,229,17,0.8753
8274,229,17,0.7692
8275,229,17,0.8415
8276,229,17,0.8590
8277,229,17,0.9136
8278,229,17,0.9423
8279,229,17,0.8444
8280,229,17,0.5335
8281,229,17,0.5094
8282,229,17,0.8730
9019,233,132,0.6424
9020,233,132,0.8121
9021,233,132,0.6062
9279,234,23,0.6827
9280,234,23,0.9394
9281,234,23,0.4197
9282,234,23,0.9333
9283,234,23,0.8689
7296,227,93,0.5500
7297,227,93,0.9557
7298,227,93,0.9693
7299,227,93,0.8150
7300,227,93,0.9651
7301,227,93,0.9817
7302,227,93,0.9744
7303,227,93,0.9831
7304,227,93,0.9858
7305,227,93,0.9864
8283,229,17,0.5010
8284,229,17,0.3316
8285,229,17,0.3184
9022,233,132,0.6262
9023,233,132,0.8689
9024,233,132,0.8902
9025,233,132,0.8857
9026,233,132,0.7773
9027,233,132,0.9676
9028,233,132,0.8993
9029,233,132,0.6842
9030,233,132,0.6397
9031,233,132,0.8970
9284,234,23,0.9163
9285,234,23,0.9589
9286,234,23,0.9782
9287,234,23,0.9280
9288,234,23,0.7601
9289,234,23,0.6147
9290,234,23,0.7650
7306,227,17,0.5392
7307,227,17,0.7969
8286,229,17,0.9055
8287,229,17,0.5927
8288,229,17,0.5743
8289,229,17,0.7998
8290,229,17,0.9143
8291,229,17,0.9353
8292,229,17,0.9871
8293,229,17,0.9884
8294,229,17,0.9936
8295,229,17,0.9940
9032,233,132,0.9290
9033,233,132,0.9751
9034,233,132,0.9449
9035,233,132,0.9499
9036,233,132,0.9774
9037,233,132,0.1632
9038,233,132,0.9359
9291,234,23,0.7857
9292,234,23,0.5883
7308,227,17,0.2746
7309,227,17,0.3701
7310,227,17,0.0619
8296,229,17,0.7510
8297,229,17,0.4994
8298,229,17,0.4455
9039,233,132,0.9422
9040,233,132,0.9338
9041,233,132,0.9325
9042,233,132,0.4944
9043,233,132,0.1448
9293,234,23,0.9166
9294,234,23,0.8490
7311,227,17,0.7398
7312,227,17,0.2908
7313,227,17,0.3854
7314,227,17,0.1945
7315,227,17,0.7131
7316,227,17,0.8055
7317,227,17,0.8339
7318,227,17,0.8683
7319,227,17,0.5874
7320,227,17,0.7336
8299,229,17,0.8008
8300,229,17,0.9559
8301,229,17,0.9796
8302,229,17,0.9338
8303,229,17,0.9553
8304,229,17,0.9810
8305,229,17,0.1407
8306,229,17,0.8357
8307,229,17,0.5690
8308,229,17,0.8857
9044,233,132,0.8336
9045,233,132,0.9702
9046,233,132,0.9556
9047,233,132,0.2190
9048,233,132,0.5931
9049,233,132,0.9587
9050,233,132,0.9703
9051,233,132,0.8703
9052,233,132,0.9701
9053,233,132,0.5444
9295,234,23,0.5736
9296,234,23,0.9435
9297,234,23,0.0310
9298,234,23,0.4211
9299,234,23,0.9212
9300,234,23,0.4669
9301,234,23,0.1151
7321,227,17,0.1606
7322,227,17,0.2372
7323,227,17,0.6202
7324,227,17,0.1853
7325,227,17,0.2561
7326,227,17,0.7118
7327,227,17,0.8697
7328,227,17,0.8086
7329,227,17,0.8673
7330,227,17,0.8208
8309,229,17,0.8974
8310,229,17,0.9326
8311,229,17,0.5385
8312,229,17,0.6992
8313,229,17,0.9169
8314,229,17,0.9700
8315,229,17,0.9863
8316,229,17,0.9928
8317,229,17,0.9939
8318,229,17,0.9946
9054,233,23,0.5809
9055,233,23,0.4483
9056,233,23,0.4873
9057,233,23,0.4695
9058,233,23,0.6440
9059,233,23,0.6392
9060,233,23,0.9576
9061,233,23,0.8611
9062,233,23,0.4550
9063,233,23,0.1584
9302,234,23,0.4636
9303,234,23,0.9179
9304,234,23,0.5497
9305,234,23,0.9488
9306,234,23,0.9733
9307,234,23,0.9767
9308,234,23,0.9011
9309,234,23,0.6754
9310,234,23,0.9535
7331,227,17,0.1526
7332,227,17,0.7590
7333,227,17,0.1034
7334,227,17,0.3267
7335,227,17,0.3575
7336,227,17,0.6594
7337,227,17,0.2427
7338,227,17,0.4175
7339,227,17,0.7455
7340,227,17,0.3499
8319,229,17,0.4696
8320,229,17,0.6061
8321,229,17,0.2565
8322,229,17,0.8631
8323,229,17,0.9016
8324,229,17,0.9609
8325,229,17,0.9738
8326,229,17,0.9858
8327,229,17,0.9839
8328,229,17,0.9894
9064,233,23,0.8657
9065,233,23,0.8577
9066,233,23,0.2935
9311,234,107,0.8980
9312,234,107,0.4633
9313,234,107,0.9597
9314,234,107,0.8143
9315,234,107,0.9621
9316,234,107,0.7521
9317,234,107,0.9659
9318,234,107,0.9352
9319,234,107,0.9588
7341,227,17,0.6862
7342,227,17,0.9426
7343,227,17,0.5544
7344,227,17,0.4362
7345,227,17,0.7704
7346,227,17,0.8650
7347,227,17,0.8275
7348,227,17,0.8758
7349,227,17,0.8284
7350,227,17,0.8627
8329,229,17,0.9049
8330,229,17,0.9693
8331,229,17,0.4052
9067,233,23,0.5382
9068,233,23,0.7912
9320,234,43,0.7361
9321,234,43,0.9373
9322,234,43,0.7850
9323,234,43,0.9071
9324,234,43,0.8884
9325,234,43,0.5947
9326,234,43,0.5317
9327,234,43,0.2017
7351,227,17,0.2760
7352,227,17,0.7602
7353,227,17,0.9578
7354,227,17,0.6318
7355,227,17,0.6222
7356,227,17,0.5844
7357,227,17,0.8433
7358,227,17,0.8272
7359,227,17,0.8473
7360,227,17,0.7593
8332,229,17,0.7782
8333,229,17,0.7007
8334,229,17,0.7762
8335,229,17,0.9295
8336,229,17,0.9842
8337,229,17,0.9902
8338,229,17,0.9944
8339,229,17,0.9939
8340,229,17,0.9961
8341,229,17,0.9870
9069,233,23,0.4404
9070,233,23,0.7390
9071,233,23,0.4363
9072,233,23,0.9250
9073,233,23,0.8100
9074,233,23,0.8711
9075,233,23,0.9600
9076,233,23,0.0566
9077,233,23,0.8833
9078,233,23,0.0444
9328,234,43,0.6563
9329,234,43,0.5613
7361,227,17,0.5127
7362,227,17,0.2421
7363,227,17,0.6816
7364,227,17,0.2219
7365,227,17,0.6152
7366,227,17,0.6694
7367,227,17,0.3077
7368,227,17,0.8116
7369,227,17,0.7936
7370,227,17,0.8647
8342,229,17,0.5612
8343,229,17,0.5953
8344,229,17,0.5277
8345,229,17,0.9006
8346,229,17,0.9636
8347,229,17,0.9850
8348,229,17,0.9938
8349,229,17,0.9913
8350,229,17,0.9941
8351,229,17,0.9943
9079,233,23,0.8916
9080,233,23,0.8000
9081,233,23,0.0323
9082,233,23,0.6463
9083,233,23,0.6642
9084,233,23,0.8131
9085,233,23,0.7983
9330,234,43,0.4363
9331,234,43,0.7657
9332,234,43,0.8837
9333,234,43,0.8494
9334,234,43,0.2945
9335,234,43,0.7010
7371,227,17,0.1811
7372,227,17,0.5563
7373,227,17,0.4390
7374,227,17,0.8038
7375,227,17,0.8747
7376,227,17,0.7909
7377,227,17,0.8497
7378,227,17,0.7715
7379,227,17,0.8568
7380,227,17,0.8059
8352,229,17,0.7405
8353,229,17,0.2047
8354,229,17,0.5679
8355,229,17,0.9050
8356,229,17,0.9645
8357,229,17,0.9759
8358,229,17,0.9817
8359,229,17,0.9844
8360,229,17,0.9864
8361,229,17,0.9871
9086,233,23,0.5186
9087,233,23,0.9516
9088,233,23,0.9764
9089,233,23,0.9816
9090,233,23,0.1360
9091,233,23,0.8506
9092,233,23,0.9553
9093,233,23,0.9636
9094,233,23,0.0209
9095,233,23,0.9227
9336,234,43,0.9168
9337,234,43,0.9512
9338,234,43,0.9780
9339,234,43,0.7753
9340,234,43,0.7984
9341,234,43,0.8849
9342,234,43,0.7257
9343,234,43,0.9120
9344,234,43,0.9619
9345,234,43,0.4542
7381,227,17,0.5485
7382,227,17,0.2277
7383,227,17,0.3590
7384,227,17,0.1583
7385,227,17,0.5066
7386,227,17,0.7654
7387,227,17,0.8774
7388,227,17,0.8149
7389,227,17,0.8732
7390,227,17,0.8098
8362,229,17,0.6397
8363,229,17,0.5725
8364,229,17,0.7316
8365,229,17,0.9206
8366,229,17,0.9428
8367,229,17,0.9673
8368,229,17,0.9783
8369,229,17,0.4284
8370,229,17,0.7771
8371,229,17,0.6948
9096,233,23,0.8997
9097,233,23,0.9669
9098,233,23,0.9791
9099,233,23,0.9665
9100,233,23,0.9783
9101,233,23,0.6987
9102,233,23,0.3458
9346,234,43,0.6731
9347,234,43,0.6488
9348,234,43,0.9608
9349,234,43,0.9326
9350,234,43,0.2011
7391,227,17,0.7303
7392,227,17,0.9080
7393,227,17,0.9322
7394,227,17,0.9676
7395,227,17,0.6308
7396,227,17,0.4521
7397,227,17,0.5603
7398,227,17,0.5353
7399,227,17,0.7656
7400,227,17,0.8584
8372,229,17,0.7356
8373,229,17,0.9007
8374,229,17,0.9732
8375,229,17,0.9790
8376,229,17,0.9816
8377,229,17,0.9819
8378,229,17,0.5948
8379,229,17,0.2435
8380,229,17,0.8327
8381,229,17,0.9674
9103,233,23,0.4594
9104,233,23,0.9348
9105,233,23,0.4508
9106,233,23,0.0516
9107,233,23,0.7079
9108,233,23,0.6180
9109,233,23,0.3662
9110,233,23,0.3187
9111,233,23,0.7332
9112,233,23,0.9495
9351,234,43,0.9145
9352,234,43,0.9528
9353,234,43,0.6457
9354,234,43,0.9655
9355,234,43,0.9795
9356,234,43,0.9813
9357,234,43,0.9709
9358,234,43,0.9220
9359,234,43,0.9159
9360,234,43,0.3697
7401,227,17,0.7009
7402,227,17,0.9110
7403,227,17,0.5875
7404,227,17,0.4114
7405,227,17,0.6983
7406,227,17,0.8541
7407,227,17,0.8365
7408,227,17,0.8603
7409,227,17,0.8311
7410,227,17,0.8759
8382,229,93,0.7823
8383,229,93,0.9127
8384,229,93,0.7266
8385,229,93,0.5721
8386,229,93,0.8959
8387,229,93,0.9655
8388,229,93,0.9878
8389,229,93,0.9912
8390,229,93,0.9940
8391,229,93,0.9937
9113,233,23,0.3237
9114,233,23,0.8954
9115,233,23,0.4319
9361,234,43,0.9399
9362,234,43,0.9145
9363,234,43,0.9429
9364,234,43,0.3005
9365,234,43,0.7636
9366,234,43,0.8652
9367,234,43,0.8838
9368,234,43,0.9674
9369,234,43,0.6791
9370,234,43,0.0787
7411,227,17,0.5678
7412,227,17,0.8796
7413,227,17,0.9674
7414,227,17,0.9809
7415,227,17,0.8931
7416,227,17,0.3888
7417,227,17,0.0978
7418,227,17,0.7406
7419,227,17,0.8760
7420,227,17,0.8024
8392,229,93,0.8991
8393,229,93,0.8424
8394,229,93,0.8679
8395,229,93,0.2953
8396,229,93,0.5282
8397,229,93,0.8149
8398,229,93,0.6583
8399,229,93,0.9388
8400,229,93,0.9808
8401,229,93,0.9788
9116,233,23,0.9059
9117,233,23,0.8339
9371,234,43,0.9437
9372,234,43,0.8324
9373,234,43,0.8825
9374,234,43,0.7813
9375,234,43,0.7674
9376,234,43,0.9479
9377,234,43,0.4516
9378,234,43,0.5930
7421,227,17,0.8518
7422,227,17,0.4663
7423,227,17,0.9508
7424,227,17,0.9757
7425,227,17,0.9667
7426,227,17,0.5969
7427,227,17,0.1784
7428,227,17,0.6038
7429,227,17,0.2570
7430,227,17,0.6563
8402,229,93,0.4980
8403,229,93,0.8181
8404,229,93,0.5017
8405,229,93,0.9528
8406,229,93,0.9309
8407,229,93,0.8004
8408,229,93,0.9708
8409,229,93,0.9744
8410,229,93,0.9066
8411,229,93,0.8969
9118,233,23,0.1656
9119,233,23,0.0371
9120,233,23,0.8810
9379,234,43,0.7967
9380,234,43,0.6590
9381,234,43,0.2621
9382,234,43,0.4166
9383,234,43,0.8281
9384,234,43,0.9433
9385,234,43,0.2306
9386,234,43,0.6802
7431,227,17,0.7604
7432,227,17,0.9323
7433,227,17,0.7305
7434,227,17,0.7860
7435,227,17,0.6624
7436,227,17,0.2887
7437,227,17,0.2842
7438,227,17,0.5759
7439,227,17,0.7941
7440,227,17,0.6862
9121,233,23,0.7251
9122,233,23,0.9356
9123,233,23,0.9736
9124,233,23,0.7633
9125,233,23,0.9563
9126,233,23,0.9801
9127,233,23,0.9812
9128,233,23,0.6009
9387,234,43,0.8481
9388,234,43,0.6831
9389,234,43,0.9528
9390,234,43,0.9669
9391,234,43,0.8512
9392,234,43,0.9444
9393,234,43,0.6015
9394,234,43,0.8617
9395,234,43,0.9686
9396,234,43,0.2547
9610,235,132,0.8106
9611,235,132,0.7481
9612,235,132,0.9438
9613,235,132,0.9725
9614,235,132,0.0589
9615,235,132,0.3781
9616,235,132,0.2655
9617,235,132,0.5126
9618,235,132,0.7224
9619,235,132,0.9386
7441,227,17,0.4071
7442,227,17,0.5593
9129,233,23,0.8970
9130,233,23,0.9733
9131,233,23,0.6932
9132,233,23,0.9473
9133,233,23,0.7184
9134,233,23,0.5340
9135,233,23,0.9551
9136,233,23,0.0235
9137,233,23,0.8940
9138,233,23,0.9618
9397,234,17,0.6075
9398,234,17,0.9582
9399,234,17,0.4292
9400,234,17,0.9420
9401,234,17,0.4466
9402,234,17,0.9006
9403,234,17,0.4583
9620,235,132,0.9653
9621,235,132,0.9307
9622,235,132,0.9321
9623,235,132,0.7215
7443,227,17,0.0770
7444,227,17,0.2821
7445,227,17,0.5584
7446,227,17,0.7437
7447,227,17,0.7794
7448,227,17,0.8652
7449,227,17,0.7916
7450,227,17,0.7084
7451,227,17,0.8141
7452,227,17,0.8710
9139,233,23,0.9004
9140,233,23,0.9011
9141,233,23,0.5686
9142,233,23,0.8053
9143,233,23,0.9094
9144,233,23,0.7548
9145,233,23,0.9433
9146,233,23,0.8672
9147,233,23,0.9069
9148,233,23,0.9143
9404,234,17,0.9015
9405,234,17,0.9019
9406,234,17,0.7174
9407,234,17,0.4815
9408,234,17,0.5912
9409,234,17,0.6395
9624,235,132,0.3908
9625,235,132,0.9340
7453,227,17,0.8032
7454,227,17,0.9668
7455,227,17,0.5862
7456,227,17,0.6089
7457,227,17,0.7917
7458,227,17,0.6959
7459,227,17,0.6700
7460,227,17,0.8257
7461,227,17,0.2080
7462,227,17,0.5892
9149,233,23,0.5050
9150,233,23,0.9397
9151,233,23,0.1759
9152,233,23,0.8709
9153,233,23,0.3910
9154,233,23,0.0658
9155,233,23,0.2848
9156,233,23,0.3899
9157,233,23,0.6178
9410,234,17,0.8526
9411,234,17,0.5719
9626,235,132,0.3055
9627,235,132,0.5008
7463,227,17,0.5141
7464,227,17,0.4945
7465,227,17,0.7093
7466,227,17,0.2525
7467,227,17,0.1561
7468,227,17,0.4766
7469,227,17,0.2238
7470,227,17,0.6420
7471,227,17,0.2841
7472,227,17,0.4553
9158,233,23,0.8972
9159,233,23,0.7810
9160,233,23,0.3189
9412,234,17,0.5112
9413,234,17,0.7636
9628,235,132,0.8546
9629,235,132,0.9654
9630,235,132,0.9027
9631,235,132,0.7291
9632,235,132,0.3188
9633,235,132,0.8042
9634,235,132,0.5914
9635,235,132,0.8791
9636,235,132,0.7627
9637,235,132,0.8320
7473,227,17,0.6880
7474,227,17,0.3666
7475,227,17,0.7490
7476,227,17,0.7898
7477,227,17,0.7366
7478,227,17,0.8456
7479,227,17,0.7878
7480,227,17,0.8654
7481,227,17,0.7990
7482,227,17,0.1339
9161,233,23,0.0860
9162,233,23,0.6623
9163,233,23,0.8998
9164,233,23,0.7740
9165,233,23,0.6274
9166,233,23,0.7792
9167,233,23,0.8666
9168,233,23,0.7942
9169,233,23,0.9672
9170,233,23,0.7166
9414,234,17,0.3205
9415,234,17,0.6750
9638,235,132,0.7378
9639,235,132,0.8255
9640,235,132,0.9365
9641,235,132,0.9419
9642,235,132,0.9692
9643,235,132,0.9310
9644,235,132,0.9720
9645,235,132,0.2086
9646,235,132,0.9023
9647,235,132,0.9654
7483,227,17,0.7058
7484,227,17,0.7849
7485,227,17,0.1317
7486,227,17,0.7137
7487,227,17,0.8426
7488,227,17,0.7711
7489,227,17,0.8528
7490,227,17,0.7861
7491,227,17,0.1280
7492,227,17,0.6302
9171,233,107,0.8509
9172,233,107,0.9366
9173,233,107,0.9590
9174,233,107,0.5969
9175,233,107,0.9390
9176,233,107,0.7177
9177,233,107,0.1952
9178,233,107,0.9529
9179,233,107,0.8509
9416,234,17,0.8661
9417,234,17,0.6200
9648,235,132,0.9426
9649,235,132,0.9389
9650,235,132,0.9491
9651,235,132,0.2502
9652,235,132,0.9236
7493,227,17,0.5077
7494,227,17,0.6857
7495,227,17,0.9379
7496,227,17,0.9577
7497,227,17,0.9768
7498,227,17,0.5982
7499,227,17,0.5625
7500,227,17,0.9474
7501,227,17,0.9711
7502,227,17,0.9796
9180,233,43,0.7941
9181,233,43,0.7789
9182,233,43,0.7133
9183,233,43,0.1593
9184,233,43,0.8004
9185,233,43,0.8638
9186,233,43,0.9021
9187,233,43,0.8213
9188,233,43,0.8452
9189,233,43,0.7263
9418,234,17,0.4507
9419,234,17,0.8116
9653,235,132,0.8675
9654,235,132,0.9223
9655,235,132,0.3702
7503,227,17,0.8667
7504,227,17,0.4978
7505,227,17,0.6653
7506,227,17,0.6196
7507,227,17,0.8077
7508,227,17,0.8131
7509,227,17,0.1459
7510,227,17,0.3293
7511,227,17,0.4584
7512,227,17,0.1526
9190,233,17,0.8556
9191,233,17,0.9336
9192,233,17,0.2417
9193,233,17,0.8552
9194,233,17,0.9557
9195,233,17,0.9759
9196,233,17,0.2651
9420,234,17,0.5434
9421,234,17,0.3906
9422,234,17,0.7361
9423,234,17,0.9481
9424,234,17,0.9782
9425,234,17,0.1416
9656,235,132,0.9147
9657,235,132,0.9623
9658,235,132,0.5165
9659,235,132,0.8586
7513,227,17,0.7120
7514,227,17,0.2132
7515,227,17,0.5295
7516,227,17,0.1481
7517,227,17,0.3721
7518,227,17,0.4925
7519,227,17,0.1811
7520,227,17,0.4118
7521,227,17,0.4932
7522,227,17,0.8041
9197,233,17,0.5550
9198,233,17,0.5383
9426,234,17,0.9089
9427,234,17,0.6508
9660,235,132,0.6112
9661,235,132,0.6157
7523,227,17,0.2705
7524,227,17,0.1049
7525,227,17,0.7139
7526,227,17,0.2539
7527,227,17,0.6953
7528,227,17,0.2600
7529,227,17,0.7758
7530,227,17,0.7854
7531,227,17,0.8548
7532,227,17,0.7571
9199,233,17,0.6985
9200,233,17,0.8944
9201,233,17,0.9561
9202,233,17,0.5337
9203,233,17,0.8492
9204,233,17,0.9521
9205,233,17,0.6094
9206,233,17,0.5292
9207,233,17,0.6553
9208,233,17,0.4664
9428,234,17,0.8540
9429,234,17,0.4551
9430,234,17,0.9514
9431,234,17,0.5963
9432,234,17,0.2669
9662,235,132,0.8362
9663,235,132,0.9293
9664,235,132,0.9743
9665,235,132,0.9751
9666,235,132,0.9091
9667,235,132,0.9622
9668,235,132,0.9765
9669,235,132,0.9710
9670,235,132,0.9514
9671,235,132,0.9778
7533,227,17,0.7357
7534,227,17,0.6525
7535,227,17,0.1780
7536,227,17,0.7501
7537,227,17,0.7335
7538,227,17,0.1584
7539,227,17,0.6553
7540,227,17,0.3379
7541,227,17,0.5078
7542,227,17,0.2829
9209,233,17,0.2756
9210,233,17,0.5553
9433,234,17,0.7381
9434,234,17,0.9334
9435,234,17,0.3357
9436,234,17,0.9071
9437,234,17,0.3487
9438,234,17,0.9506
9439,234,17,0.9197
9440,234,17,0.9645
9441,234,17,0.0521
9672,235,23,0.9044
9673,235,23,0.9753
9674,235,23,0.6337
9675,235,23,0.2909
7543,227,17,0.3990
7544,227,17,0.7972
7545,227,17,0.0965
7546,227,17,0.4596
7547,227,17,0.7503
7548,227,17,0.8095
7549,227,17,0.8643
7550,227,17,0.8041
7551,227,17,0.8588
7552,227,17,0.8023
9211,233,17,0.8332
9212,233,17,0.9061
9213,233,17,0.2753
9214,233,17,0.6053
9215,233,17,0.8451
9216,233,17,0.9401
9217,233,17,0.9041
9218,233,17,0.9443
9219,233,17,0.9309
9442,234,17,0.9120
9443,234,17,0.6663
9444,234,17,0.8769
9445,234,17,0.9647
9446,234,17,0.8781
9447,234,17,0.6502
9448,234,17,0.8868
9449,234,17,0.1098
9676,235,23,0.4700
9677,235,23,0.7397
7553,227,17,0.8683
7554,227,17,0.5553
7555,227,17,0.8121
7556,227,17,0.9661
7557,227,17,0.4102
7558,227,17,0.9442
7559,227,17,0.9773
7560,227,17,0.3117
7561,227,17,0.4117
7562,227,17,0.4709
9220,233,93,0.7484
9221,233,93,0.9644
9222,233,93,0.9783
9223,233,93,0.7142
9224,233,93,0.9635
9225,233,93,0.9421
9226,233,93,0.9662
9227,233,93,0.9494
9228,233,93,0.9765
9450,234,17,0.8112
9451,234,17,0.7820
9452,234,17,0.4227
9453,234,17,0.9092
9454,234,17,0.8560
9455,234,17,0.9455
9456,234,17,0.9623
9457,234,17,0.9456
9458,234,17,0.4083
9459,234,17,0.9111
9678,235,23,0.8657
9679,235,23,0.7751
7563,227,93,0.4739
7564,227,93,0.2590
7565,227,93,0.8453
7566,227,93,0.1676
7567,227,93,0.7524
7568,227,93,0.2894
7569,227,93,0.5178
7570,227,93,0.7855
7571,227,93,0.7741
7572,227,93,0.2968
9229,233,132,0.5540
9230,233,132,0.9580
9231,233,132,0.9353
9232,233,132,0.3481
9233,233,132,0.7303
9234,233,132,0.7461
9235,233,132,0.9415
9236,233,132,0.9477
9237,233,132,0.2317
9238,233,132,0.8256
9460,234,17,0.5741
9461,234,17,0.3928
9462,234,17,0.7342
9463,234,17,0.1509
9680,235,23,0.4800
9681,235,23,0.9510
9682,235,23,0.2453
9683,235,23,0.2745
7573,227,93,0.2703
7574,227,93,0.5626
7575,227,93,0.1685
7576,227,93,0.6933
7577,227,93,0.3494
7578,227,93,0.4600
7579,227,93,0.7890
7580,227,93,0.1968
7581,227,93,0.3918
7582,227,93,0.7545
9464,234,17,0.8917
9465,234,17,0.8561
9466,234,17,0.5648
9467,234,17,0.6954
9468,234,17,0.8378
9469,234,17,0.7080
9470,234,17,0.2988
9471,234,17,0.2412
9472,234,17,0.6789
9473,234,17,0.9599
9684,235,23,0.8832
9685,235,23,0.5778
10585,236,132,0.8209
10586,236,132,0.9607
10587,236,132,0.9785
10588,236,132,0.5144
10589,236,132,0.9552
10590,236,132,0.9768
10591,236,132,0.9432
10592,236,132,0.9484
10593,236,132,0.9255
10594,236,132,0.9390
7583,227,93,0.4223
7584,227,93,0.6946
7585,227,93,0.2581
7586,227,93,0.6984
7587,227,93,0.7522
7588,227,93,0.8663
7589,227,93,0.8157
7590,227,93,0.8529
7591,227,93,0.7597
7592,227,93,0.1369
9474,234,17,0.8924
9475,234,17,0.8101
9476,234,17,0.9706
9477,234,17,0.3929
9478,234,17,0.5378
9686,235,23,0.8321
9687,235,23,0.8687
9688,235,23,0.5205
9689,235,23,0.9365
9690,235,23,0.7760
9691,235,23,0.1051
10595,236,23,0.5947
10596,236,23,0.7070
10597,236,23,0.4075
10598,236,23,0.9500
10599,236,23,0.9052
10600,236,23,0.0843
10601,236,23,0.9462
10602,236,23,0.9739
10603,236,23,0.9799
10604,236,23,0.9685
7593,227,93,0.4487
7594,227,93,0.3420
7595,227,93,0.8435
7596,227,93,0.6988
7597,227,93,0.8557
7598,227,93,0.7330
7599,227,93,0.8594
7600,227,93,0.8092
7601,227,93,0.1320
7602,227,93,0.2095
9479,234,17,0.5766
9480,234,17,0.7879
9481,234,17,0.9446
9482,234,17,0.9114
9483,234,17,0.8130
9484,234,17,0.7673
9485,234,17,0.8728
9486,234,17,0.5005
9692,235,23,0.4390
9693,235,23,0.6266
10605,236,23,0.7873
10606,236,23,0.3869
10607,236,23,0.9094
10608,236,23,0.5045
10609,236,23,0.9472
10610,236,23,0.4305
10611,236,23,0.6947
10612,236,23,0.9648
10613,236,23,0.9796
10614,236,23,0.6304
7603,227,93,0.1529
7604,227,93,0.1876
7605,227,93,0.5284
7606,227,93,0.2391
7607,227,93,0.3700
7608,227,93,0.4591
7609,227,93,0.1477
7610,227,93,0.5927
7611,227,93,0.3993
7612,227,93,0.4211
9487,234,17,0.2978
9488,234,17,0.5543
9694,235,23,0.9077
9695,235,23,0.6830
9696,235,23,0.7149
10615,236,23,0.8965
10616,236,23,0.6306
10617,236,23,0.9604
10618,236,23,0.7369
10619,236,23,0.9499
10620,236,23,0.7289
10621,236,23,0.8098
10622,236,23,0.8749
10623,236,23,0.1090
10624,236,23,0.9703
7613,227,93,0.5707
7614,227,93,0.5169
7615,227,93,0.7580
7616,227,93,0.7298
7617,227,93,0.1429
7618,227,93,0.6185
7619,227,93,0.6371
7620,227,93,0.2824
7621,227,93,0.4216
7622,227,93,0.8275
9489,234,17,0.9161
9490,234,17,0.9701
9491,234,17,0.9808
9492,234,17,0.9257
9493,234,17,0.8136
9494,234,17,0.7049
9495,234,17,0.8784
9496,234,17,0.9696
9497,234,17,0.0833
9697,235,23,0.4666
9698,235,23,0.5929
9699,235,23,0.7382
10625,236,23,0.4947
7623,227,93,0.1711
7624,227,93,0.8198
7625,227,93,0.2212
7626,227,93,0.8080
7627,227,93,0.7736
7628,227,93,0.8196
7629,227,93,0.3096
7630,227,93,0.3449
7631,227,93,0.7079
7632,227,93,0.2748
9498,234,17,0.9271
9499,234,17,0.9502
9500,234,17,0.5392
9501,234,17,0.0872
9700,235,23,0.9132
9701,235,23,0.8654
10626,236,23,0.7684
10627,236,23,0.9013
10628,236,23,0.9372
10629,236,23,0.0292
10630,236,23,0.6665
10631,236,23,0.7171
10632,236,23,0.2894
10633,236,23,0.0623
10634,236,23,0.7935
10635,236,23,0.9220
7633,227,93,0.7846
7634,227,93,0.6577
7635,227,93,0.7806
7636,227,93,0.7491
7637,227,93,0.8891
7638,227,93,0.0994
7639,227,93,0.8929
7640,227,93,0.9721
7641,227,93,0.9795
9502,234,17,0.9193
9503,234,17,0.6214
9702,235,23,0.7728
9703,235,23,0.6898
9704,235,23,0.9406
9705,235,23,0.7749
9706,235,23,0.8863
9707,235,23,0.3345
9708,235,23,0.7513
9709,235,23,0.8673
9710,235,23,0.9702
9711,235,23,0.9735
10636,236,23,0.9334
10637,236,23,0.5011
10638,236,23,0.9541
10639,236,23,0.6750
10640,236,23,0.9349
10641,236,23,0.9665
10642,236,23,0.5073
10643,236,23,0.8598
10644,236,23,0.5747
10645,236,23,0.5973
9504,234,17,0.2171
9505,234,17,0.6446
9712,235,23,0.5863
9713,235,23,0.6681
10646,236,23,0.8625
10647,236,23,0.7996
10648,236,23,0.5473
10649,236,23,0.7398
10650,236,23,0.4526
10651,236,23,0.8709
10652,236,23,0.9471
10653,236,23,0.9662
10654,236,23,0.9748
10655,236,23,0.9807
11276,237,132,0.7326
11277,237,132,0.9714
11278,237,132,0.9784
11279,237,132,0.2251
11280,237,132,0.7837
11281,237,132,0.3263
11282,237,132,0.3963
11283,237,132,0.8467
11284,237,132,0.5895
11285,237,132,0.0980
9506,234,17,0.8643
9507,234,17,0.8712
9508,234,17,0.9286
9509,234,17,0.7121
9510,234,17,0.6148
9511,234,17,0.1781
9714,235,23,0.7274
9715,235,23,0.5614
10656,236,23,0.2125
10657,236,23,0.3140
10658,236,23,0.7939
10659,236,23,0.6812
10660,236,23,0.9581
10661,236,23,0.9765
10662,236,23,0.9781
10663,236,23,0.9812
10664,236,23,0.9747
10665,236,23,0.9751
11286,237,132,0.8605
11287,237,132,0.5047
11288,237,132,0.8816
11289,237,132,0.6560
11290,237,132,0.9427
11291,237,132,0.9629
11292,237,132,0.6746
11293,237,132,0.6881
11294,237,132,0.4660
11295,237,132,0.8994
9512,234,17,0.8939
9513,234,17,0.9731
9514,234,17,0.9037
9515,234,17,0.9083
9516,234,17,0.2243
9517,234,17,0.7798
9518,234,17,0.7802
9519,234,17,0.5539
9520,234,17,0.8804
9521,234,17,0.9479
9716,235,23,0.9000
9717,235,23,0.5992
10666,236,23,0.8143
10667,236,23,0.7296
10668,236,23,0.9499
10669,236,23,0.3472
11296,237,132,0.9214
11297,237,132,0.8220
11298,237,132,0.9678
11299,237,132,0.9781
11300,237,132,0.9672
11301,237,132,0.4267
11302,237,132,0.9418
9522,234,17,0.4304
9523,234,17,0.4061
9524,234,17,0.3004
9718,235,23,0.0903
9719,235,23,0.7314
9720,235,23,0.8945
9721,235,23,0.6366
9722,235,23,0.8169
10670,236,23,0.9249
10671,236,23,0.9743
10672,236,23,0.9547
10673,236,23,0.4734
10674,236,23,0.9550
10675,236,23,0.7317
10676,236,23,0.6863
10677,236,23,0.8989
10678,236,23,0.8473
10679,236,23,0.7778
11303,237,132,0.7762
9525,234,17,0.3274
9526,234,17,0.6669
9723,235,23,0.0921
9724,235,23,0.6875
10680,236,23,0.6710
10681,236,23,0.9092
10682,236,23,0.8745
10683,236,23,0.6786
10684,236,23,0.0615
10685,236,23,0.7807
10686,236,23,0.3012
10687,236,23,0.6005
10688,236,23,0.5941
10689,236,23,0.8951
11304,237,132,0.7494
11305,237,132,0.4981
11306,237,132,0.3004
9527,234,17,0.2747
9528,234,17,0.6320
9725,235,23,0.9166
9726,235,23,0.6921
10690,236,23,0.9117
10691,236,23,0.4499
10692,236,23,0.3148
10693,236,23,0.3968
10694,236,23,0.3360
11307,237,132,0.9156
11308,237,132,0.3424
11309,237,132,0.5590
9529,234,17,0.2930
9530,234,17,0.3702
9531,234,17,0.9443
9532,234,17,0.6256
9533,234,17,0.9140
9534,234,17,0.5020
9727,235,23,0.7476
9728,235,23,0.2858
9729,235,23,0.8210
10695,236,23,0.9102
10696,236,23,0.8199
11310,237,132,0.9010
11311,237,132,0.5867
11312,237,132,0.3916
11313,237,132,0.3361
9535,234,17,0.8779
9536,234,17,0.9724
9537,234,17,0.9818
9538,234,17,0.2394
9539,234,17,0.5638
9730,235,23,0.9170
9731,235,23,0.7048
10697,236,23,0.6813
10698,236,23,0.9102
10699,236,23,0.5519
10700,236,23,0.6494
10701,236,23,0.6733
10702,236,23,0.0598
10703,236,23,0.1469
11314,237,132,0.8974
11315,237,132,0.7869
11316,237,132,0.8729
9540,234,17,0.1731
9541,234,17,0.5618
9732,235,23,0.7387
9733,235,23,0.5780
10704,236,23,0.9196
10705,236,23,0.9747
10706,236,23,0.9734
10707,236,23,0.4709
10708,236,23,0.6331
11317,237,132,0.9069
11318,237,132,0.9719
11319,237,132,0.9809
11320,237,132,0.9306
11321,237,132,0.9521
11322,237,132,0.8852
11323,237,132,0.9090
11324,237,132,0.8167
11325,237,132,0.6911
11326,237,132,0.8717
9542,234,17,0.3467
9543,234,17,0.6591
9544,234,17,0.4555
9545,234,17,0.8374
9546,234,17,0.9675
9547,234,17,0.1084
9734,235,23,0.3882
9735,235,23,0.8366
9736,235,23,0.7575
10709,236,23,0.9262
10710,236,23,0.6125
11327,237,132,0.9452
11328,237,132,0.9447
11329,237,132,0.9785
11330,237,132,0.9798
11331,237,132,0.7009
11332,237,132,0.5348
11333,237,132,0.9624
11334,237,132,0.6722
11335,237,132,0.9549
11336,237,132,0.9146
9548,234,17,0.9249
9549,234,17,0.9382
9550,234,17,0.5690
9551,234,17,0.3082
9552,234,17,0.9483
9553,234,17,0.9691
9554,234,17,0.1100
9737,235,23,0.7018
9738,235,23,0.7095
9739,235,23,0.9568
9740,235,23,0.9727
9741,235,23,0.9804
9742,235,23,0.9931
9743,235,23,0.9933
9744,235,23,0.9947
9745,235,23,0.9949
9746,235,23,0.9958
10711,236,23,0.8632
10712,236,23,0.5865
10713,236,23,0.0635
10714,236,23,0.7459
10715,236,23,0.9647
10716,236,23,0.1113
10717,236,23,0.6461
11337,237,23,0.4094
11338,237,23,0.5859
11339,237,23,0.2898
11340,237,23,0.8782
11341,237,23,0.9262
11342,237,23,0.9694
11343,237,23,0.7437
11344,237,23,0.8989
11345,237,23,0.8989
11346,237,23,0.9764
9555,234,17,0.5236
9556,234,17,0.7065
9747,235,23,0.1711
9748,235,23,0.8068
9749,235,23,0.9509
9750,235,23,0.9793
9751,235,23,0.9863
9752,235,23,0.9908
9753,235,23,0.9928
9754,235,23,0.9931
9755,235,23,0.9945
9756,235,23,0.9942
10718,236,23,0.9259
10719,236,23,0.8768
11347,237,23,0.4945
11348,237,23,0.4276
11349,237,23,0.9406
11350,237,23,0.4097
11351,237,23,0.8845
11352,237,23,0.9476
11353,237,23,0.9694
11354,237,23,0.9763
11355,237,23,0.9822
11356,237,23,0.9842
9557,234,17,0.6954
9558,234,17,0.9384
9559,234,17,0.9726
9560,234,17,0.8778
9561,234,17,0.9084
9562,234,17,0.6619
9563,234,17,0.8773
9564,234,17,0.6100
9565,234,17,0.5308
9757,235,23,0.4752
9758,235,23,0.7657
9759,235,23,0.9667
9760,235,23,0.9780
9761,235,23,0.9880
9762,235,23,0.9923
9763,235,23,0.9940
9764,235,23,0.9939
9765,235,23,0.9949
9766,235,23,0.9958
10720,236,23,0.5061
10721,236,23,0.5586
10722,236,23,0.9516
10723,236,23,0.6041
10724,236,23,0.5362
11357,237,23,0.3917
11358,237,23,0.2292
11359,237,23,0.5206
11360,237,23,0.8144
11361,237,23,0.8161
11362,237,23,0.1266
11363,237,23,0.3655
11364,237,23,0.4436
11365,237,23,0.2130
11366,237,23,0.5932
9566,234,17,0.6707
9567,234,17,0.4639
9568,234,17,0.4275
9767,235,23,0.4085
9768,235,23,0.8264
9769,235,23,0.9415
9770,235,23,0.9814
9771,235,23,0.9888
9772,235,23,0.9930
9773,235,23,0.9914
9774,235,23,0.9937
9775,235,23,0.9944
9776,235,23,0.9943
10725,236,23,0.6897
10726,236,23,0.8861
11367,237,23,0.7130
11368,237,23,0.7956
9569,234,17,0.7955
9570,234,17,0.6011
9571,234,17,0.9535
9572,234,17,0.9769
9573,234,17,0.7988
9574,234,17,0.7517
9575,234,17,0.1090
9576,234,17,0.5799
9577,234,17,0.7009
9578,234,17,0.9578
9777,235,23,0.1185
10727,236,23,0.0924
10728,236,23,0.8488
11369,237,23,0.8990
11370,237,23,0.8373
11371,237,23,0.7002
11372,237,23,0.8721
11373,237,23,0.4691
11374,237,23,0.4111
11375,237,23,0.7761
11376,237,23,0.0954
11377,237,23,0.8610
11378,237,23,0.9300
9579,234,17,0.9159
9580,234,17,0.2734
9581,234,17,0.7015
9582,234,17,0.9390
9583,234,17,0.8301
9584,234,17,0.9716
9585,234,17,0.0512
9586,234,17,0.9757
9587,234,17,0.6840
9588,234,17,0.3908
9778,235,23,0.4506
9779,235,23,0.7706
10729,236,23,0.2800
10730,236,23,0.7029
11379,237,23,0.8889
11380,237,23,0.9737
11381,237,23,0.9801
11382,237,23,0.9749
11383,237,23,0.8687
11384,237,23,0.1097
9589,234,17,0.7814
9590,234,17,0.4587
9591,234,17,0.3044
9592,234,17,0.9426
9593,234,17,0.8668
9594,234,17,0.9665
9595,234,17,0.6081
9596,234,17,0.9039
9597,234,17,0.5678
9780,235,23,0.5553
9781,235,23,0.8740
10731,236,23,0.8927
10732,236,23,0.2607
10733,236,23,0.9250
10734,236,23,0.9747
10735,236,23,0.4881
10736,236,23,0.4195
10737,236,23,0.6077
11385,237,23,0.9225
11386,237,23,0.6030
9598,234,93,0.7831
9599,234,93,0.3134
9600,234,93,0.4314
9782,235,23,0.4983
9783,235,23,0.8146
10738,236,23,0.3459
10739,236,23,0.6127
11387,237,23,0.8974
11388,237,23,0.4142
11389,237,23,0.5556
9601,234,93,0.8994
9602,234,93,0.9693
9603,234,93,0.8165
9604,234,93,0.9722
9605,234,93,0.9703
9606,234,93,0.9662
9607,234,93,0.5121
9608,234,93,0.1692
9609,234,93,0.9506
9784,235,23,0.6757
9785,235,23,0.6674
9786,235,23,0.8548
9787,235,23,0.6895
10740,236,23,0.8600
10741,236,23,0.9553
10742,236,23,0.9306
11390,237,23,0.8929
11391,237,23,0.6728
11392,237,23,0.9426
11393,237,23,0.9269
11394,237,23,0.8503
11395,237,23,0.9721
11396,237,23,0.9423
11397,237,23,0.6226
11398,237,23,0.1901
11399,237,23,0.8215
9788,235,23,0.5356
9789,235,23,0.6971
10743,236,23,0.4642
10744,236,23,0.7022
11400,237,23,0.8986
11401,237,23,0.9680
11402,237,23,0.9814
11403,237,23,0.9813
11404,237,23,0.3865
11405,237,23,0.5889
11406,237,23,0.4060
11407,237,23,0.6657
11408,237,23,0.2813
11409,237,23,0.4159
11962,238,132,0.8141
11963,238,132,0.9737
11964,238,132,0.9593
11965,238,132,0.5417
11966,238,132,0.7223
11967,238,132,0.7748
11968,238,132,0.9650
11969,238,132,0.9394
11970,238,132,0.9774
11971,238,132,0.9823
9790,235,23,0.5438
9791,235,23,0.9432
9792,235,23,0.9753
9793,235,23,0.9810
9794,235,23,0.9707
9795,235,23,0.7193
9796,235,23,0.7980
9797,235,23,0.9588
9798,235,23,0.9640
9799,235,23,0.9822
10745,236,23,0.8949
10746,236,23,0.9200
10747,236,23,0.6377
11410,237,23,0.9192
11411,237,23,0.6227
11972,238,23,0.8398
11973,238,23,0.9413
11974,238,23,0.6279
11975,238,23,0.6552
11976,238,23,0.9640
11977,238,23,0.7416
11978,238,23,0.9665
11979,238,23,0.7828
11980,238,23,0.6787
11981,238,23,0.9694
9800,235,23,0.1375
9801,235,23,0.3381
9802,235,23,0.8871
9803,235,23,0.9499
9804,235,23,0.9624
9805,235,23,0.9749
9806,235,23,0.9807
9807,235,23,0.0155
10748,236,23,0.5736
10749,236,23,0.6116
11412,237,23,0.1835
11413,237,23,0.9330
11414,237,23,0.9647
11415,237,23,0.4010
11982,238,107,0.9141
11983,238,107,0.8022
11984,238,107,0.9658
11985,238,107,0.8592
11986,238,107,0.9293
11987,238,107,0.9685
11988,238,107,0.9436
11989,238,107,0.4928
11990,238,107,0.9513
9808,235,23,0.9294
9809,235,23,0.9519
9810,235,23,0.8994
9811,235,23,0.9635
9812,235,23,0.9799
9813,235,23,0.9802
9814,235,23,0.7970
9815,235,23,0.9707
9816,235,23,0.8462
9817,235,23,0.9295
10750,236,23,0.9227
10751,236,23,0.8114
11416,237,23,0.8365
11417,237,23,0.8372
11418,237,23,0.6714
11991,238,43,0.9331
11992,238,43,0.9703
11993,238,43,0.9420
11994,238,43,0.9241
11995,238,43,0.9720
11996,238,43,0.2269
11997,238,43,0.6356
11998,238,43,0.9411
11999,238,43,0.9473
12000,238,43,0.8341
9818,235,23,0.8829
9819,235,23,0.3921
9820,235,23,0.8668
9821,235,23,0.9284
9822,235,23,0.9456
9823,235,23,0.9692
9824,235,23,0.9780
9825,235,23,0.9837
9826,235,23,0.9863
9827,235,23,0.9877
10752,236,23,0.2310
10753,236,23,0.5523
11419,237,23,0.9150
11420,237,23,0.3086
11421,237,23,0.9036
11422,237,23,0.5983
11423,237,23,0.5176
12001,238,17,0.5619
12002,238,17,0.9563
12003,238,17,0.9744
12004,238,17,0.4330
12005,238,17,0.3014
12006,238,17,0.8261
12007,238,17,0.8056
12008,238,17,0.9509
12009,238,17,0.4335
12010,238,17,0.9368
9828,235,23,0.4694
9829,235,23,0.3622
9830,235,23,0.7365
9831,235,23,0.7770
9832,235,23,0.7962
9833,235,23,0.8287
9834,235,23,0.8686
9835,235,23,0.9081
9836,235,23,0.9415
9837,235,23,0.9670
10754,236,23,0.3403
10755,236,23,0.2354
10756,236,23,0.4670
10757,236,23,0.3086
11424,237,23,0.4574
11425,237,23,0.3078
11426,237,23,0.8640
11427,237,23,0.8045
11428,237,23,0.8605
11429,237,23,0.8019
11430,237,23,0.8541
11431,237,23,0.7880
11432,237,23,0.1981
11433,237,23,0.3460
12011,238,17,0.9032
12012,238,17,0.8713
12013,238,17,0.9271
12014,238,17,0.9703
12015,238,17,0.4690
12016,238,17,0.9294
12017,238,17,0.5940
12018,238,17,0.8560
12019,238,17,0.9435
12020,238,17,0.9754
9838,235,23,0.8563
9839,235,23,0.5003
9840,235,23,0.7961
9841,235,23,0.8798
9842,235,23,0.9179
9843,235,23,0.9311
9844,235,23,0.9667
9845,235,23,0.9797
9846,235,23,0.9830
9847,235,23,0.9855
10758,236,23,0.9163
10759,236,23,0.9011
11434,237,23,0.1657
11435,237,23,0.7765
11436,237,23,0.8838
11437,237,23,0.0975
11438,237,23,0.8430
11439,237,23,0.6376
11440,237,23,0.7906
11441,237,23,0.8590
11442,237,23,0.8331
11443,237,23,0.8545
12021,238,17,0.4369
12022,238,17,0.4680
12023,238,17,0.5426
12024,238,17,0.9154
12025,238,17,0.7459
12026,238,17,0.9664
12027,238,17,0.6887
12028,238,17,0.9656
12029,238,17,0.8791
12030,238,17,0.2531
9848,235,23,0.9033
9849,235,23,0.4762
9850,235,23,0.8243
9851,235,23,0.9312
9852,235,23,0.9539
9853,235,23,0.9661
9854,235,23,0.9756
9855,235,23,0.9799
9856,235,23,0.9832
9857,235,23,0.9855
10760,236,23,0.9098
10761,236,23,0.6858
11444,237,23,0.3787
11445,237,23,0.3054
11446,237,23,0.7403
11447,237,23,0.8265
11448,237,23,0.8304
11449,237,23,0.1283
11450,237,23,0.3548
11451,237,23,0.5474
11452,237,23,0.6256
11453,237,23,0.6393
12031,238,17,0.5343
12032,238,17,0.9538
12033,238,17,0.9612
12034,238,17,0.8399
12035,238,17,0.9719
12036,238,17,0.9812
12037,238,17,0.8604
12038,238,17,0.5691
12039,238,17,0.9510
12040,238,17,0.9741
9858,235,23,0.3667
9859,235,23,0.7009
9860,235,23,0.8566
9861,235,23,0.9008
9862,235,23,0.9365
9863,235,23,0.9583
9864,235,23,0.9714
9865,235,23,0.9798
9866,235,23,0.9843
9867,235,23,0.9845
10762,236,23,0.8703
10763,236,23,0.6493
11454,237,23,0.6176
11455,237,23,0.3459
11456,237,23,0.7029
11457,237,23,0.1607
11458,237,23,0.6703
11459,237,23,0.3281
11460,237,23,0.4962
11461,237,23,0.8463
11462,237,23,0.2008
11463,237,23,0.3864
12041,238,17,0.7603
12042,238,17,0.5162
9868,235,23,0.8030
9869,235,23,0.6986
9870,235,23,0.9381
9871,235,23,0.9698
9872,235,23,0.9773
9873,235,23,0.9825
9874,235,23,0.9850
9875,235,23,0.9847
9876,235,23,0.9828
9877,235,23,0.9866
10764,236,23,0.5328
10765,236,23,0.5876
11464,237,23,0.4625
11465,237,23,0.1472
11466,237,23,0.7607
11467,237,23,0.8247
11468,237,23,0.7376
11469,237,23,0.1509
11470,237,23,0.3720
11471,237,23,0.4634
11472,237,23,0.7918
11473,237,23,0.2123
12043,238,17,0.5236
12044,238,17,0.5670
12045,238,17,0.5004
12046,238,17,0.7338
12047,238,17,0.8651
12048,238,17,0.9656
12049,238,17,0.9794
12050,238,17,0.9838
12051,238,17,0.9851
12052,238,17,0.9855
9878,235,23,0.4358
9879,235,23,0.7473
9880,235,23,0.8536
9881,235,23,0.9406
9882,235,23,0.9838
9883,235,23,0.9887
9884,235,23,0.9917
9885,235,23,0.9940
9886,235,23,0.9940
9887,235,23,0.9957
10766,236,23,0.3202
10767,236,23,0.8798
10768,236,23,0.6417
11474,237,23,0.2453
11475,237,23,0.2001
11476,237,23,0.5146
11477,237,23,0.3560
11478,237,23,0.5423
11479,237,23,0.7308
11480,237,23,0.1253
11481,237,23,0.6189
11482,237,23,0.4151
11483,237,23,0.5867
12053,238,17,0.8247
12054,238,17,0.3694
12055,238,17,0.5111
12056,238,17,0.6112
12057,238,17,0.9180
12058,238,17,0.9618
12059,238,17,0.9758
12060,238,17,0.9829
12061,238,17,0.9857
12062,238,17,0.9868
9888,235,23,0.4677
9889,235,23,0.7726
9890,235,23,0.9259
9891,235,23,0.9622
9892,235,23,0.9868
9893,235,23,0.9885
9894,235,23,0.9913
9895,235,23,0.9917
9896,235,23,0.9945
9897,235,23,0.9927
10769,236,23,0.0914
10770,236,23,0.5862
11484,237,23,0.2643
11485,237,23,0.2177
11486,237,23,0.6637
11487,237,23,0.2758
11488,237,23,0.3222
11489,237,23,0.7088
11490,237,23,0.2430
11491,237,23,0.3385
11492,237,23,0.7348
11493,237,23,0.7705
12063,238,17,0.8370
12064,238,17,0.8993
12065,238,17,0.9512
12066,238,17,0.3101
12067,238,17,0.7931
12068,238,17,0.8001
12069,238,17,0.1474
12070,238,17,0.1297
12071,238,17,0.7008
12072,238,17,0.3802
9898,235,23,0.1883
9899,235,23,0.7409
9900,235,23,0.9519
9901,235,23,0.9789
9902,235,23,0.9837
9903,235,23,0.9918
9904,235,23,0.9917
9905,235,23,0.9938
9906,235,23,0.9945
9907,235,23,0.9861
10771,236,23,0.3830
10772,236,23,0.6943
11494,237,23,0.1408
11495,237,23,0.2183
11496,237,23,0.7641
11497,237,23,0.8176
11498,237,23,0.6688
11499,237,23,0.8167
11500,237,23,0.7816
11501,237,23,0.8749
11502,237,23,0.8146
11503,237,23,0.8704
12073,238,17,0.3566
12074,238,17,0.6794
12075,238,17,0.0979
12076,238,17,0.7718
12077,238,17,0.3084
12078,238,17,0.6075
12079,238,17,0.6924
12080,238,17,0.5619
12081,238,17,0.7198
12082,238,17,0.9317
9908,235,23,0.3998
9909,235,23,0.8173
9910,235,23,0.9566
9911,235,23,0.9834
9912,235,23,0.9885
9913,235,23,0.9888
9914,235,23,0.9894
9915,235,23,0.9918
9916,235,23,0.9935
9917,235,23,0.9937
10773,236,23,0.7417
10774,236,23,0.7512
11504,237,23,0.0668
11505,237,23,0.3115
11506,237,23,0.5325
11507,237,23,0.8259
11508,237,23,0.1820
11509,237,23,0.3544
11510,237,23,0.6671
11511,237,23,0.2405
11512,237,23,0.6014
11513,237,23,0.3460
12083,238,93,0.9020
12084,238,93,0.9207
12085,238,93,0.9634
12086,238,93,0.7699
12087,238,93,0.7717
12088,238,93,0.9474
12089,238,93,0.8144
12090,238,93,0.9699
12091,238,93,0.9018
9918,235,23,0.1369
9919,235,23,0.8969
9920,235,23,0.9295
9921,235,23,0.9670
9922,235,23,0.9795
9923,235,23,0.9836
9924,235,23,0.9855
9925,235,23,0.9908
9926,235,23,0.9920
9927,235,23,0.9927
10775,236,23,0.7345
10776,236,23,0.9336
10777,236,23,0.2321
10778,236,23,0.8064
10779,236,23,0.9659
10780,236,23,0.1064
10781,236,23,0.6190
10782,236,23,0.8959
10783,236,23,0.9574
10784,236,23,0.9737
11514,237,23,0.1244
11515,237,23,0.2574
11516,237,23,0.7007
11517,237,23,0.6336
11518,237,23,0.2650
11519,237,23,0.3547
11520,237,23,0.3467
11521,237,23,0.4019
11522,237,23,0.4915
11523,237,23,0.8307
12092,239,132,0.2294
12093,239,132,0.9324
12094,239,132,0.9763
12095,239,132,0.9803
12096,239,132,0.9716
12097,239,132,0.3861
12098,239,132,0.7353
12099,239,132,0.4223
12100,239,132,0.9295
12101,239,132,0.9405
9928,235,23,0.1407
9929,235,23,0.8793
9930,235,23,0.9399
9931,235,23,0.9681
9932,235,23,0.9835
9933,235,23,0.9895
9934,235,23,0.9884
9935,235,23,0.9911
9936,235,23,0.9926
9937,235,23,0.9934
10785,236,23,0.3429
10786,236,23,0.6751
11524,237,23,0.6180
11525,237,23,0.4202
11526,237,23,0.7708
11527,237,23,0.8621
11528,237,23,0.8093
11529,237,23,0.7693
11530,237,23,0.4764
11531,237,23,0.2065
11532,237,23,0.4053
11533,237,23,0.4500
12102,239,132,0.9069
12103,239,132,0.9285
12104,239,132,0.9660
12105,239,132,0.5703
12106,239,132,0.9603
12107,239,132,0.9068
12108,239,132,0.9663
12109,239,132,0.2056
12110,239,132,0.8510
12111,239,132,0.5977
9938,235,23,0.4203
9939,235,23,0.8389
9940,235,23,0.9628
9941,235,23,0.9846
9942,235,23,0.9874
9943,235,23,0.9887
9944,235,23,0.9919
9945,235,23,0.9934
9946,235,23,0.9929
9947,235,23,0.9949
10787,236,23,0.5425
10788,236,23,0.9487
10789,236,23,0.1789
10790,236,23,0.7453
10791,236,23,0.9653
10792,236,23,0.8291
10793,236,23,0.5796
10794,236,23,0.9427
10795,236,23,0.0226
11534,237,23,0.1159
12112,239,132,0.8785
12113,239,132,0.9370
12114,239,132,0.9102
12115,239,132,0.9477
12116,239,132,0.9510
12117,239,132,0.8560
12118,239,132,0.7760
12119,239,132,0.8039
12120,239,132,0.8444
12121,239,132,0.9316
9948,235,23,0.8569
9949,235,23,0.9104
9950,235,23,0.9549
9951,235,23,0.9489
9952,235,23,0.9728
9953,235,23,0.9808
9954,235,23,0.9840
9955,235,23,0.9862
9956,235,23,0.9872
9957,235,23,0.9874
10796,236,23,0.8231
10797,236,23,0.9538
10798,236,23,0.9759
10799,236,23,0.5763
10800,236,23,0.2537
10801,236,23,0.7969
10802,236,23,0.8591
10803,236,23,0.9728
10804,236,23,0.9717
10805,236,23,0.4998
11535,237,132,0.4386
12122,239,23,0.9139
12123,239,23,0.3255
12124,239,23,0.1901
12125,239,23,0.5557
12126,239,23,0.8256
12127,239,23,0.9683
12128,239,23,0.6421
12129,239,23,0.5327
12130,239,23,0.5042
12131,239,23,0.4738
9958,235,23,0.9220
9959,235,23,0.4895
9960,235,23,0.8096
9961,235,23,0.9092
9962,235,23,0.9393
9963,235,23,0.9404
9964,235,23,0.9529
9965,235,23,0.9656
9966,235,23,0.9741
9967,235,23,0.9823
10806,236,107,0.7306
10807,236,107,0.9478
10808,236,107,0.9101
10809,236,107,0.6418
10810,236,107,0.9146
10811,236,107,0.9442
10812,236,107,0.4325
10813,236,107,0.9518
10814,236,107,0.9770
10815,236,107,0.9778
11536,237,23,0.1546
12132,239,23,0.9108
12133,239,23,0.2403
12134,239,23,0.2946
12135,239,23,0.7573
12136,239,23,0.9468
12137,239,23,0.9636
12138,239,23,0.9815
12139,239,23,0.7721
12140,239,23,0.9568
12141,239,23,0.9806
9968,235,23,0.3402
9969,235,23,0.5729
9970,235,23,0.8027
9971,235,23,0.8480
9972,235,23,0.8781
9973,235,23,0.9103
9974,235,23,0.9316
9975,235,23,0.9504
9976,235,23,0.9722
9977,235,23,0.9786
10816,236,43,0.9255
10817,236,43,0.8994
10818,236,43,0.7951
10819,236,43,0.8976
10820,236,43,0.4750
10821,236,43,0.6157
10822,236,43,0.3835
10823,236,43,0.1215
11537,237,132,0.0770
12142,239,23,0.5041
12143,239,23,0.6101
12144,239,23,0.8637
12145,239,23,0.1885
12146,239,23,0.2409
12147,239,23,0.7624
12148,239,23,0.4616
12149,239,23,0.0892
12150,239,23,0.6237
12151,239,23,0.8337
9978,235,23,0.6929
9979,235,23,0.4186
9980,235,23,0.8027
9981,235,23,0.8898
9982,235,23,0.9059
9983,235,23,0.9466
9984,235,23,0.9667
9985,235,23,0.9762
9986,235,23,0.9826
9987,235,23,0.9850
10824,236,43,0.9093
10825,236,43,0.3821
10826,236,43,0.2482
10827,236,43,0.5523
10828,236,43,0.9328
10829,236,43,0.0565
10830,236,43,0.8868
10831,236,43,0.0713
11538,237,23,0.9068
11539,237,23,0.8323
12152,239,23,0.9407
12153,239,23,0.7194
9988,235,23,0.4137
9989,235,23,0.7211
9990,235,23,0.8461
9991,235,23,0.9045
9992,235,23,0.9223
9993,235,23,0.9534
9994,235,23,0.9687
9995,235,23,0.9751
9996,235,23,0.9838
9997,235,23,0.9846
10832,236,43,0.9192
10833,236,43,0.9058
10834,236,43,0.5914
10835,236,43,0.0735
10836,236,43,0.8843
10837,236,43,0.5869
10838,236,43,0.5805
11540,237,23,0.5478
11541,237,23,0.4933
12154,239,23,0.9287
12155,239,23,0.9761
12156,239,23,0.7935
12157,239,23,0.5758
12158,239,23,0.9342
12159,239,23,0.9451
12160,239,23,0.3907
12161,239,23,0.2771
12162,239,23,0.9311
12163,239,23,0.7254
9998,235,23,0.9294
9999,235,23,0.3676
10000,235,23,0.8411
10001,235,23,0.9032
10002,235,23,0.9262
10003,235,23,0.9483
10004,235,23,0.9604
10005,235,23,0.9671
10006,235,23,0.9754
10007,235,23,0.9821
10839,236,43,0.5632
10840,236,43,0.6645
10841,236,43,0.7798
10842,236,43,0.6424
10843,236,43,0.3026
10844,236,43,0.9266
11542,237,132,0.6333
11543,237,132,0.9527
11544,237,132,0.9165
11545,237,132,0.2415
11546,237,132,0.6305
11547,237,132,0.1664
11548,237,132,0.5442
11549,237,132,0.6506
11550,237,132,0.3416
11551,237,132,0.2501
12164,239,23,0.8987
12165,239,23,0.9651
12166,239,23,0.9793
12167,239,23,0.6236
12168,239,23,0.7862
12169,239,23,0.3951
12170,239,23,0.4619
12171,239,23,0.9483
12172,239,23,0.5331
12173,239,23,0.9275
10008,235,23,0.9046
10009,235,23,0.4041
10010,235,23,0.8165
10011,235,23,0.8932
10012,235,23,0.9450
10013,235,23,0.9670
10014,235,23,0.9769
10015,235,23,0.9810
10016,235,23,0.9839
10017,235,23,0.9862
10845,236,43,0.9393
10846,236,43,0.8822
10847,236,43,0.9299
10848,236,43,0.9741
10849,236,43,0.8995
10850,236,43,0.9402
10851,236,43,0.0535
10852,236,43,0.6438
10853,236,43,0.3081
10854,236,43,0.7328
11552,237,23,0.8113
11553,237,23,0.8235
11554,237,23,0.9074
11555,237,23,0.8366
11556,237,23,0.9053
11557,237,23,0.0758
11558,237,23,0.9355
11559,237,23,0.7430
11560,237,23,0.9405
11561,237,23,0.0252
12174,239,23,0.3926
12175,239,23,0.6578
12176,239,23,0.4610
10018,235,23,0.7528
10019,235,23,0.7219
10020,235,23,0.8788
10021,235,23,0.9492
10022,235,23,0.9584
10023,235,23,0.0572
10024,235,23,0.2387
10025,235,23,0.6504
10026,235,23,0.6321
10027,235,23,0.6263
10855,236,43,0.7770
10856,236,43,0.8660
10857,236,43,0.2347
11562,237,107,0.9015
11563,237,107,0.9130
11564,237,107,0.4370
11565,237,107,0.8891
11566,237,107,0.1258
11567,237,107,0.7832
11568,237,107,0.9311
11569,237,107,0.7599
11570,237,107,0.6998
11571,237,107,0.8233
12177,239,23,0.5693
12178,239,23,0.5332
12179,239,23,0.2434
12180,239,23,0.4223
12181,239,23,0.2902
10028,235,23,0.3172
10029,235,23,0.8513
10030,235,23,0.8958
10031,235,23,0.9571
10032,235,23,0.9755
10033,235,23,0.9831
10034,235,23,0.9885
10035,235,23,0.9897
10036,235,23,0.9917
10037,235,23,0.9929
10858,236,43,0.7587
10859,236,43,0.8126
10860,236,43,0.7551
10861,236,43,0.3091
10862,236,43,0.6714
11572,237,107,0.5027
11573,237,107,0.6195
11574,237,107,0.4252
12182,239,23,0.9192
12183,239,23,0.6394
10038,235,23,0.2067
10039,235,23,0.7282
10040,235,23,0.9031
10041,235,23,0.9646
10042,235,23,0.9824
10043,235,23,0.9872
10044,235,23,0.0090
10045,235,23,0.8640
10046,235,23,0.9003
10047,235,23,0.7005
10863,236,43,0.8742
10864,236,43,0.9669
10865,236,43,0.9802
10866,236,43,0.9788
10867,236,43,0.9744
10868,236,43,0.0980
10869,236,43,0.9277
10870,236,43,0.7439
10871,236,43,0.2747
10872,236,43,0.8113
11575,237,107,0.9034
11576,237,107,0.9222
11577,237,107,0.9750
11578,237,107,0.9628
11579,237,107,0.6322
11580,237,107,0.5931
11581,237,107,0.3142
11582,237,107,0.3136
11583,237,107,0.9015
11584,237,107,0.9752
12184,239,23,0.7015
12185,239,23,0.6466
10048,235,23,0.4387
10049,235,23,0.6776
10050,235,23,0.8822
10051,235,23,0.9552
10052,235,23,0.9737
10053,235,23,0.9900
10054,235,23,0.0101
10055,235,23,0.4186
10056,235,23,0.6940
10057,235,23,0.6492
10873,236,17,0.6355
10874,236,17,0.1013
10875,236,17,0.3611
10876,236,17,0.9400
10877,236,17,0.9704
10878,236,17,0.3151
10879,236,17,0.1405
11585,237,107,0.9434
11586,237,107,0.9390
11587,237,107,0.9636
11588,237,107,0.9781
11589,237,107,0.9299
11590,237,107,0.7092
11591,237,107,0.9634
11592,237,107,0.9545
11593,237,107,0.8817
12186,239,23,0.8722
12187,239,23,0.9712
12188,239,23,0.7101
10058,235,23,0.2972
10059,235,23,0.6243
10060,235,23,0.8862
10061,235,23,0.9618
10062,235,23,0.9874
10063,235,23,0.9882
10064,235,23,0.9915
10065,235,23,0.9926
10066,235,23,0.9948
10067,235,23,0.9952
10880,236,17,0.9226
10881,236,17,0.8706
10882,236,17,0.4310
11594,237,43,0.9129
11595,237,43,0.9003
11596,237,43,0.6624
11597,237,43,0.4185
11598,237,43,0.9304
11599,237,43,0.9352
11600,237,43,0.7488
11601,237,43,0.4896
11602,237,43,0.8080
11603,237,43,0.6628
12189,239,23,0.0942
12190,239,23,0.5657
10068,235,23,0.1431
10069,235,23,0.7478
10070,235,23,0.9239
10071,235,23,0.9682
10072,235,23,0.9800
10073,235,23,0.9868
10074,235,23,0.9918
10075,235,23,0.9920
10076,235,23,0.9944
10077,235,23,0.9945
10883,236,17,0.6955
10884,236,17,0.7124
11604,237,43,0.9049
11605,237,43,0.6784
11606,237,43,0.7654
11607,237,43,0.6424
11608,237,43,0.3261
11609,237,43,0.5207
11610,237,43,0.3000
11611,237,43,0.8643
11612,237,43,0.7711
11613,237,43,0.8797
12191,239,23,0.9213
12192,239,23,0.9734
12193,239,23,0.5716
10078,235,23,0.8576
10079,235,23,0.0371
10080,235,23,0.3141
10081,235,23,0.5972
10082,235,23,0.6116
10083,235,23,0.2744
10084,235,23,0.2892
10085,235,23,0.7015
10086,235,23,0.7117
10087,235,23,0.2531
10885,236,17,0.5542
10886,236,17,0.6395
10887,236,17,0.6107
10888,236,17,0.4651
10889,236,17,0.1772
11614,237,43,0.8980
11615,237,43,0.9659
11616,237,43,0.9289
11617,237,43,0.9746
11618,237,43,0.4384
11619,237,43,0.7512
11620,237,43,0.5116
11621,237,43,0.8306
11622,237,43,0.8480
11623,237,43,0.5506
12194,239,23,0.9231
12195,239,23,0.6029
10088,235,23,0.8476
10089,235,23,0.3496
10090,235,23,0.1683
10091,235,23,0.3800
10092,235,23,0.6715
10093,235,23,0.1596
10094,235,23,0.3884
10095,235,23,0.4116
10096,235,23,0.5828
10097,235,23,0.3602
10890,236,17,0.2472
10891,236,17,0.5610
11624,237,43,0.9410
11625,237,43,0.8636
11626,237,43,0.9722
11627,237,43,0.0214
11628,237,43,0.9282
11629,237,43,0.8861
11630,237,43,0.2264
11631,237,43,0.2599
11632,237,43,0.7917
11633,237,43,0.7456
12196,239,23,0.6282
12197,239,23,0.3436
12198,239,23,0.8538
12199,239,23,0.7280
12200,239,23,0.5566
12201,239,23,0.6351
12202,239,23,0.5427
10098,235,23,0.8838
10099,235,23,0.3659
10100,235,23,0.2790
10101,235,23,0.6869
10102,235,23,0.7264
10103,235,23,0.8610
10104,235,23,0.1898
10105,235,23,0.4062
10106,235,23,0.6473
10107,235,23,0.7895
10892,236,17,0.2335
10893,236,17,0.6871
11634,237,43,0.8755
11635,237,43,0.4704
11636,237,43,0.5936
12203,239,23,0.8096
12204,239,23,0.6023
10108,235,23,0.7665
10109,235,23,0.6124
10110,235,23,0.7887
10111,235,23,0.7736
10112,235,23,0.8570
10113,235,23,0.7971
10114,235,23,0.8275
10115,235,23,0.7774
10116,235,23,0.8700
10117,235,23,0.8140
10894,236,43,0.7971
11637,237,43,0.6816
11638,237,43,0.5666
11639,237,43,0.7213
11640,237,43,0.5673
11641,237,43,0.7743
11642,237,43,0.3220
11643,237,43,0.5961
11644,237,43,0.5055
11645,237,43,0.8443
11646,237,43,0.8385
12205,239,23,0.2580
12206,239,23,0.7315
12207,239,23,0.9365
12208,239,23,0.7651
12209,239,23,0.9487
12210,239,23,0.9725
12211,239,23,0.7846
12212,239,23,0.5957
12213,239,23,0.8358
12214,239,23,0.2759
10118,235,23,0.4949
10119,235,23,0.6167
10120,235,23,0.8751
10121,235,23,0.9530
10122,235,23,0.0252
10123,235,23,0.4229
10124,235,23,0.1502
10125,235,23,0.6268
10126,235,23,0.3867
10127,235,23,0.4923
10895,236,17,0.9257
10896,236,17,0.4235
10897,236,17,0.5699
10898,236,17,0.4894
10899,236,17,0.0635
10900,236,17,0.4754
10901,236,17,0.9541
10902,236,17,0.6390
10903,236,17,0.9475
10904,236,17,0.1297
11647,237,43,0.8840
11648,237,43,0.9549
11649,237,43,0.9401
11650,237,43,0.9113
11651,237,43,0.9204
11652,237,43,0.7162
11653,237,43,0.1401
11654,237,43,0.6452
11655,237,43,0.2294
11656,237,43,0.6608
12215,239,23,0.4057
12216,239,23,0.7249
12217,239,23,0.3553
12218,239,23,0.7695
12219,239,23,0.2618
12220,239,23,0.5457
12221,239,23,0.8529
12222,239,23,0.9117
12223,239,23,0.9134
12224,239,23,0.9482
10128,235,23,0.2901
10129,235,23,0.6731
10130,235,23,0.8617
10131,235,23,0.9312
10132,235,23,0.9654
10133,235,23,0.9837
10134,235,23,0.0131
10135,235,23,0.7668
10905,236,17,0.6516
10906,236,17,0.6349
11657,237,17,0.8047
11658,237,17,0.3753
11659,237,17,0.3791
11660,237,17,0.8179
11661,237,17,0.9658
11662,237,17,0.1462
11663,237,17,0.4920
11664,237,17,0.1685
11665,237,17,0.6988
11666,237,17,0.6593
12225,239,23,0.8758
12226,239,23,0.9725
12227,239,23,0.9610
12228,239,23,0.9745
12229,239,23,0.8395
12230,239,23,0.0284
12231,239,23,0.6251
12232,239,23,0.6057
12233,239,23,0.9607
12234,239,23,0.9777
10136,235,23,0.5266
10137,235,23,0.7569
10138,235,23,0.9244
10139,235,23,0.9615
10907,236,17,0.5711
10908,236,17,0.8281
10909,236,17,0.5903
11667,237,17,0.5850
11668,237,17,0.7020
11669,237,17,0.6702
11670,237,17,0.5911
11671,237,17,0.8960
11672,237,17,0.8026
11673,237,17,0.7890
11674,237,17,0.7555
11675,237,17,0.2958
11676,237,17,0.9055
12235,239,23,0.8674
12236,239,23,0.0842
12237,239,23,0.6392
12238,239,23,0.7084
12239,239,23,0.9660
12240,239,23,0.9778
12241,239,23,0.5930
10140,235,23,0.5747
10141,235,23,0.6426
10142,235,23,0.9196
10910,236,17,0.4616
10911,236,17,0.6508
10912,236,17,0.6440
11677,237,17,0.7456
11678,237,17,0.6999
12242,239,23,0.7569
12243,239,23,0.2684
12244,239,23,0.4480
10143,235,23,0.7781
10144,235,23,0.4073
10145,235,23,0.7409
10146,235,23,0.7204
10147,235,23,0.8395
10148,235,23,0.1160
10913,236,17,0.6959
10914,236,17,0.7104
10915,236,17,0.7628
10916,236,17,0.3666
10917,236,17,0.9286
10918,236,17,0.0814
11679,237,17,0.8834
11680,237,17,0.7492
11681,237,17,0.3535
11682,237,17,0.8379
11683,237,17,0.8237
11684,237,17,0.7166
11685,237,17,0.5625
11686,237,17,0.9166
11687,237,17,0.9661
11688,237,17,0.9773
12245,239,23,0.9285
12246,239,23,0.6310
10149,235,23,0.2754
10150,235,23,0.8963
10151,235,23,0.9371
10152,235,23,0.8965
10919,236,17,0.7602
10920,236,17,0.0570
10921,236,17,0.8350
10922,236,17,0.8992
10923,236,17,0.1269
10924,236,17,0.6338
10925,236,17,0.8603
10926,236,17,0.6135
10927,236,17,0.4874
11689,237,17,0.8871
12247,239,23,0.6042
12248,239,23,0.3753
12249,239,23,0.6250
12250,239,23,0.9487
12251,239,23,0.9788
12252,239,23,0.4288
12253,239,23,0.7497
12254,239,23,0.9048
12255,239,23,0.9065
12256,239,23,0.9511
10153,235,23,0.4996
10154,235,23,0.7623
10155,235,23,0.9458
10156,235,23,0.9765
10157,235,23,0.0124
10158,235,23,0.2306
10159,235,23,0.6957
10160,235,23,0.6876
10161,235,23,0.5117
10162,235,23,0.8823
10928,236,17,0.2034
10929,236,17,0.5373
11690,237,17,0.4713
11691,237,17,0.5640
11692,237,17,0.9185
11693,237,17,0.9676
11694,237,17,0.9832
11695,237,17,0.9921
11696,237,17,0.9904
11697,237,17,0.9939
11698,237,17,0.9945
11699,237,17,0.9951
12257,239,107,0.5949
12258,239,107,0.4194
12259,239,107,0.9439
12260,239,107,0.8862
12261,239,107,0.2871
12262,239,107,0.9237
12263,239,107,0.8820
12264,239,107,0.5799
12265,239,107,0.8517
12266,239,107,0.9150
10163,235,23,0.8897
10164,235,23,0.5477
10165,235,23,0.8597
10166,235,23,0.8572
10167,235,23,0.9229
10168,235,23,0.9409
10169,235,23,0.9629
10170,235,23,0.9763
10171,235,23,0.9818
10172,235,23,0.9856
10930,236,17,0.6086
10931,236,17,0.9552
10932,236,17,0.9791
10933,236,17,0.5526
10934,236,17,0.6915
10935,236,17,0.9560
10936,236,17,0.7698
10937,236,17,0.9635
10938,236,17,0.0203
10939,236,17,0.6799
11700,237,17,0.8874
11701,237,17,0.9760
11702,237,17,0.3939
11703,237,17,0.8595
11704,237,17,0.9722
11705,237,17,0.9802
11706,237,17,0.9091
11707,237,17,0.4417
11708,237,17,0.9496
11709,237,17,0.8166
12267,239,107,0.8676
12268,239,107,0.9006
12269,239,107,0.9442
12270,239,107,0.5337
12271,239,107,0.9203
12272,239,107,0.8721
12273,239,107,0.9025
12274,239,107,0.4941
12275,239,107,0.7202
12276,239,107,0.8415
10173,235,23,0.1043
10174,235,23,0.8577
10175,235,23,0.9019
10176,235,23,0.9595
10177,235,23,0.9753
10178,235,23,0.9843
10179,235,23,0.9865
10180,235,23,0.9904
10181,235,23,0.9911
10182,235,23,0.9927
10940,236,17,0.8918
10941,236,17,0.5952
10942,236,17,0.5456
11710,237,17,0.9279
11711,237,17,0.9766
11712,237,17,0.6687
11713,237,17,0.3221
11714,237,17,0.6829
11715,237,17,0.7909
11716,237,17,0.9217
11717,237,17,0.9764
11718,237,17,0.5926
11719,237,17,0.9036
12277,239,43,0.9511
12278,239,43,0.5123
12279,239,43,0.2947
12280,239,43,0.6152
10183,235,23,0.2413
10184,235,23,0.2636
10185,235,23,0.8255
10186,235,23,0.8984
10187,235,23,0.9352
10188,235,23,0.9498
10189,235,23,0.9605
10190,235,23,0.9745
10191,235,23,0.9757
10192,235,23,0.9816
10943,236,17,0.8776
10944,236,17,0.2498
10945,236,17,0.6305
11720,237,17,0.7106
12281,239,43,0.9264
12282,239,43,0.9366
12283,239,43,0.3013
12284,239,43,0.4807
12285,239,43,0.7781
12286,239,43,0.6634
12287,239,43,0.9276
12288,239,43,0.5117
12289,239,43,0.4343
12290,239,43,0.8606
10193,235,23,0.0627
10194,235,23,0.8365
10195,235,23,0.9132
10196,235,23,0.9552
10197,235,23,0.9750
10198,235,23,0.9807
10199,235,23,0.9871
10200,235,23,0.9902
10201,235,23,0.9904
10202,235,23,0.9912
10946,236,17,0.7320
10947,236,17,0.6659
11721,237,17,0.4861
11722,237,17,0.6754
11723,237,17,0.2748
11724,237,17,0.3484
11725,237,17,0.8280
11726,237,17,0.8116
11727,237,17,0.1427
11728,237,17,0.6779
11729,237,17,0.7104
11730,237,17,0.8082
12291,239,43,0.6246
12292,239,43,0.4726
12293,239,43,0.6028
12294,239,43,0.2757
12295,239,43,0.4961
12296,239,43,0.3429
12297,239,43,0.6359
12298,239,43,0.8022
12299,239,43,0.8525
12300,239,43,0.9487
10203,235,23,0.8016
10204,235,23,0.6044
10205,235,23,0.6861
10206,235,23,0.6562
10207,235,23,0.7498
10208,235,23,0.8311
10209,235,23,0.8863
10210,235,23,0.9328
10211,235,23,0.9511
10212,235,23,0.9647
10948,236,17,0.7079
10949,236,17,0.5369
10950,236,17,0.2167
11731,237,17,0.8656
11732,237,17,0.3798
11733,237,17,0.1676
11734,237,17,0.6438
11735,237,17,0.7422
11736,237,17,0.8609
11737,237,17,0.8069
11738,237,17,0.8727
11739,237,17,0.7830
11740,237,17,0.8570
12301,239,43,0.7971
12302,239,43,0.6134
12303,239,43,0.8956
12304,239,43,0.4064
12305,239,43,0.7398
12306,239,43,0.8680
12307,239,43,0.5009
12308,239,43,0.3825
12309,239,43,0.7109
12310,239,43,0.9396
10213,235,23,0.4091
10214,235,23,0.6759
10215,235,23,0.7656
10216,235,23,0.8545
10217,235,23,0.8480
10218,235,23,0.9057
10219,235,23,0.9338
10220,235,23,0.9505
10221,235,23,0.9665
10222,235,23,0.9781
10951,236,17,0.6812
10952,236,17,0.4097
10953,236,17,0.9454
10954,236,17,0.6383
10955,236,17,0.1136
10956,236,17,0.9400
10957,236,17,0.8923
10958,236,17,0.0267
11741,237,17,0.1626
11742,237,17,0.4636
11743,237,17,0.8207
11744,237,17,0.7615
11745,237,17,0.1445
11746,237,17,0.6151
11747,237,17,0.6317
11748,237,17,0.7713
11749,237,17,0.1996
11750,237,17,0.4412
12311,239,43,0.9004
12312,239,43,0.8283
12313,239,43,0.7201
12314,239,43,0.9378
12315,239,43,0.6572
12316,239,43,0.9255
12317,239,43,0.9477
12318,239,43,0.8605
12319,239,43,0.7541
12320,239,43,0.3466
10223,235,23,0.6400
10224,235,23,0.9390
10225,235,23,0.9250
10226,235,23,0.6069
10959,236,17,0.7527
10960,236,17,0.2644
10961,236,17,0.7536
10962,236,17,0.1957
10963,236,17,0.7996
10964,236,17,0.2364
10965,236,17,0.2960
11751,237,17,0.7737
11752,237,17,0.6951
11753,237,17,0.8996
11754,237,17,0.9440
11755,237,17,0.0255
11756,237,17,0.4298
11757,237,17,0.2131
11758,237,17,0.6448
11759,237,17,0.7566
11760,237,17,0.2133
12321,239,43,0.9377
12322,239,43,0.6911
12323,239,43,0.4018
12324,239,43,0.2505
12325,239,43,0.6187
10227,235,23,0.9111
10228,235,23,0.2688
10229,235,23,0.7681
10230,235,23,0.8052
10231,235,23,0.8557
10232,235,23,0.9060
10233,235,23,0.9114
10234,235,23,0.9545
10235,235,23,0.9661
10236,235,23,0.9752
10966,236,17,0.9109
10967,236,17,0.6080
11761,237,17,0.3058
11762,237,17,0.1403
11763,237,17,0.6212
11764,237,17,0.1556
11765,237,17,0.6413
11766,237,17,0.6005
11767,237,17,0.7428
11768,237,17,0.7954
11769,237,17,0.8443
11770,237,17,0.1054
12326,239,43,0.7823
12327,239,43,0.7527
12328,239,43,0.9222
12329,239,43,0.7675
12330,239,43,0.5399
12331,239,43,0.2686
12332,239,43,0.7329
12333,239,43,0.5906
12334,239,43,0.7043
10237,235,23,0.1060
10238,235,23,0.7635
10239,235,23,0.8882
10240,235,23,0.9429
10241,235,23,0.9730
10242,235,23,0.8158
10243,235,23,0.9768
10244,235,23,0.9861
10245,235,23,0.9907
10246,235,23,0.9923
10968,236,17,0.7759
10969,236,17,0.9635
10970,236,17,0.6313
10971,236,17,0.2841
10972,236,17,0.4838
10973,236,17,0.9101
10974,236,17,0.9617
10975,236,17,0.9712
10976,236,17,0.9790
10977,236,17,0.9839
11771,237,17,0.4087
11772,237,17,0.1883
11773,237,17,0.7521
11774,237,17,0.2131
11775,237,17,0.3372
11776,237,17,0.4311
11777,237,17,0.7770
11778,237,17,0.7982
11779,237,17,0.1383
11780,237,17,0.6282
12335,239,43,0.8711
12336,239,43,0.9003
12337,239,43,0.8574
12338,239,43,0.9742
12339,239,43,0.6768
12340,239,43,0.6989
12341,239,43,0.9128
12342,239,43,0.6104
12343,239,43,0.0956
12344,239,43,0.9219
10247,235,107,0.8745
10248,235,107,0.1857
10249,235,107,0.7123
10250,235,107,0.7850
10251,235,107,0.7666
10252,235,107,0.7778
10253,235,107,0.8181
10254,235,107,0.8579
10255,235,107,0.9187
10256,235,107,0.9531
10978,236,17,0.1739
10979,236,17,0.6307
11781,237,17,0.3185
11782,237,17,0.6775
11783,237,17,0.1370
11784,237,17,0.5043
11785,237,17,0.8384
11786,237,17,0.8288
11787,237,17,0.7901
11788,237,17,0.1876
11789,237,17,0.5932
11790,237,17,0.6221
12345,239,17,0.7717
12346,239,17,0.3830
12347,239,17,0.9207
12348,239,17,0.8113
12349,239,17,0.8396
12350,239,17,0.9620
12351,239,17,0.9713
12352,239,17,0.9844
12353,239,17,0.9816
12354,239,17,0.9888
10257,235,107,0.5465
10258,235,107,0.5814
10259,235,107,0.8895
10260,235,107,0.9428
10261,235,107,0.9528
10262,235,107,0.9440
10263,235,107,0.9631
10264,235,107,0.9732
10265,235,107,0.9806
10266,235,107,0.9848
10980,236,17,0.2947
10981,236,17,0.5466
11791,237,17,0.7478
11792,237,17,0.4580
11793,237,17,0.5792
11794,237,17,0.8486
11795,237,17,0.8052
11796,237,17,0.1397
11797,237,17,0.6298
11798,237,17,0.3346
11799,237,17,0.4315
11800,237,17,0.8084
12355,239,17,0.9008
12356,239,17,0.5430
12357,239,17,0.5203
12358,239,17,0.9611
12359,239,17,0.9816
12360,239,17,0.8313
12361,239,17,0.8569
12362,239,17,0.9665
12363,239,17,0.8516
12364,239,17,0.9528
10267,235,107,0.7577
10268,235,107,0.3019
10269,235,107,0.8210
10270,235,107,0.9204
10271,235,107,0.9563
10272,235,107,0.9493
10273,235,107,0.9630
10274,235,107,0.9748
10275,235,107,0.9758
10276,235,107,0.9802
10982,236,17,0.7698
10983,236,17,0.8403
11801,237,17,0.1874
11802,237,17,0.7674
11803,237,17,0.1078
11804,237,17,0.4728
11805,237,17,0.2718
11806,237,17,0.3631
11807,237,17,0.5358
11808,237,17,0.3821
11809,237,17,0.3165
11810,237,17,0.4140
12365,239,17,0.5660
12366,239,17,0.4670
12367,239,17,0.8450
12368,239,17,0.2477
12369,239,17,0.3180
12370,239,17,0.9105
12371,239,17,0.9664
12372,239,17,0.9125
12373,239,17,0.9783
12374,239,17,0.9840
10277,235,107,0.9000
10278,235,107,0.7484
10279,235,107,0.9319
10280,235,107,0.9468
10281,235,107,0.9768
10282,235,107,0.9482
10283,235,107,0.9294
10284,235,107,0.9525
10285,235,107,0.9713
10984,236,43,0.0851
11811,237,17,0.1768
11812,237,17,0.8293
11813,237,17,0.1430
11814,237,17,0.6261
11815,237,17,0.8055
11816,237,17,0.1740
11817,237,17,0.5825
11818,237,17,0.3620
11819,237,17,0.2032
11820,237,17,0.5895
12375,239,17,0.7345
12376,239,17,0.9307
12377,239,17,0.7369
12378,239,17,0.9677
12379,239,17,0.8569
12380,239,17,0.9730
12381,239,17,0.9588
12382,239,17,0.9831
12383,239,17,0.9779
12384,239,17,0.9747
10286,235,43,0.9184
10287,235,43,0.9641
10288,235,43,0.7155
10289,235,43,0.2324
10290,235,43,0.5205
10291,235,43,0.8071
10292,235,43,0.7995
10293,235,43,0.9393
10294,235,43,0.7789
10295,235,43,0.4534
10985,236,17,0.7586
10986,236,17,0.7430
11821,237,17,0.3930
11822,237,17,0.3585
11823,237,17,0.6663
11824,237,17,0.1603
11825,237,17,0.8849
12385,239,17,0.8849
12386,239,17,0.7644
12387,239,17,0.9526
12388,239,17,0.4067
12389,239,17,0.7929
12390,239,17,0.4862
12391,239,17,0.0823
10296,235,17,0.6199
10297,235,17,0.4728
10298,235,17,0.8435
10299,235,17,0.4560
10300,235,17,0.8290
10301,235,17,0.8955
10302,235,17,0.9561
10303,235,17,0.9747
10304,235,17,0.9818
10305,235,17,0.9845
10987,236,17,0.8788
10988,236,17,0.7415
10989,236,17,0.4111
10990,236,17,0.2974
11826,237,17,0.0774
11827,237,17,0.2769
11828,237,17,0.6956
11829,237,17,0.8518
11830,237,17,0.7422
11831,237,17,0.8453
11832,237,17,0.8023
11833,237,17,0.8650
11834,237,17,0.8157
11835,237,17,0.1279
12392,239,17,0.7489
12393,239,17,0.9484
12394,239,17,0.8406
12395,239,17,0.4298
12396,239,17,0.9015
12397,239,17,0.3393
12398,239,17,0.3812
12399,239,17,0.8840
12400,239,17,0.6672
12401,239,17,0.9626
10306,235,17,0.7436
10307,235,17,0.9504
10308,235,17,0.6402
10309,235,17,0.3426
10310,235,17,0.6070
10311,235,17,0.8940
10312,235,17,0.8938
10313,235,17,0.9153
10314,235,17,0.2220
10315,235,17,0.9025
10991,236,17,0.9194
10992,236,17,0.2576
10993,236,17,0.0341
10994,236,17,0.6438
10995,236,17,0.7688
11836,237,17,0.4119
11837,237,17,0.6161
11838,237,17,0.8424
11839,237,17,0.5898
11840,237,17,0.7524
11841,237,17,0.4179
11842,237,17,0.9309
11843,237,17,0.9779
11844,237,17,0.8938
11845,237,17,0.8144
12402,239,17,0.9088
12403,239,17,0.9669
12404,239,17,0.4787
12405,239,17,0.9138
12406,239,17,0.7324
12407,239,17,0.0491
10316,235,17,0.2261
10317,235,17,0.6058
10996,236,17,0.5207
10997,236,17,0.7979
10998,236,17,0.9631
10999,236,17,0.8987
11000,236,17,0.8326
11001,236,17,0.6964
11002,236,17,0.5296
11003,236,17,0.5889
11846,237,17,0.3847
11847,237,17,0.3766
11848,237,17,0.8795
11849,237,17,0.6751
11850,237,17,0.9285
11851,237,17,0.8679
11852,237,17,0.9760
11853,237,17,0.9823
11854,237,17,0.9879
11855,237,17,0.9749
12408,239,17,0.1318
12409,239,17,0.3852
12410,239,17,0.3584
10318,235,17,0.3868
10319,235,17,0.6610
10320,235,17,0.3876
11004,236,17,0.5678
11005,236,17,0.1658
11006,236,17,0.3375
11856,237,17,0.5398
11857,237,17,0.8737
11858,237,17,0.9095
11859,237,17,0.8403
11860,237,17,0.7942
11861,237,17,0.7625
11862,237,17,0.9403
11863,237,17,0.9754
11864,237,17,0.9798
12411,239,17,0.9163
12412,239,17,0.6458
10321,235,17,0.5750
10322,235,17,0.5699
11007,236,17,0.6639
11008,236,17,0.9591
11009,236,17,0.2976
11010,236,17,0.2464
11011,236,17,0.2436
11865,237,93,0.2851
11866,237,93,0.8112
11867,237,93,0.4150
11868,237,93,0.8926
11869,237,93,0.8779
11870,237,93,0.8135
11871,237,93,0.8778
11872,237,93,0.7762
11873,237,93,0.1369
11874,237,93,0.6958
12413,239,17,0.9104
12414,239,17,0.9731
12415,239,17,0.4853
12416,239,17,0.8040
12417,239,17,0.4032
12418,239,17,0.9449
12419,239,17,0.7532
12420,239,17,0.1503
10323,235,17,0.4676
10324,235,17,0.8815
10325,235,17,0.6158
10326,235,17,0.6951
11012,236,17,0.2024
11013,236,17,0.9293
11014,236,17,0.2758
11015,236,17,0.3758
11016,236,17,0.6309
11017,236,17,0.2248
11875,237,93,0.5388
11876,237,93,0.8284
11877,237,93,0.0844
11878,237,93,0.6955
11879,237,93,0.8679
11880,237,93,0.8103
11881,237,93,0.8330
11882,237,93,0.8419
11883,237,93,0.8533
11884,237,93,0.8124
12421,239,17,0.8027
12422,239,17,0.3552
12423,239,17,0.5449
12424,239,17,0.3167
10327,235,107,0.0871
11018,236,17,0.7779
11019,236,17,0.7426
11020,236,17,0.9048
11021,236,17,0.7616
11022,236,17,0.8631
11023,236,17,0.9455
11024,236,17,0.7031
11025,236,17,0.4654
11026,236,17,0.7726
11027,236,17,0.7946
11885,237,93,0.4003
11886,237,93,0.2747
11887,237,93,0.6248
11888,237,93,0.8357
11889,237,93,0.7923
11890,237,93,0.1382
11891,237,93,0.3285
11892,237,93,0.4731
11893,237,93,0.3821
11894,237,93,0.2244
12425,239,17,0.9074
12426,239,17,0.6477
10328,235,17,0.5102
10329,235,17,0.3286
10330,235,17,0.3673
11028,236,17,0.1930
11029,236,17,0.5444
11895,237,93,0.7048
11896,237,93,0.4927
11897,237,93,0.5695
12427,239,17,0.4686
12428,239,17,0.6218
10331,235,17,0.8180
10332,235,17,0.3511
10333,235,17,0.9482
10334,235,17,0.4264
10335,235,17,0.0881
10336,235,17,0.1845
10337,235,17,0.4125
10338,235,17,0.8611
10339,235,17,0.9280
10340,235,17,0.9697
11030,236,17,0.3491
11031,236,17,0.6587
11898,237,93,0.8753
11899,237,93,0.6048
11900,237,93,0.7756
11901,237,93,0.8440
11902,237,93,0.8545
11903,237,93,0.8102
11904,237,93,0.6719
11905,237,93,0.8379
11906,237,93,0.7350
11907,237,93,0.8585
12429,239,17,0.6704
12430,239,17,0.6908
10341,235,17,0.3129
10342,235,17,0.7384
10343,235,17,0.8001
10344,235,17,0.6193
10345,235,17,0.8641
10346,235,17,0.6215
10347,235,17,0.9597
10348,235,17,0.3693
10349,235,17,0.9016
10350,235,17,0.9590
11032,236,17,0.5536
11033,236,17,0.8492
11908,237,93,0.4808
11909,237,93,0.2499
11910,237,93,0.6360
11911,237,93,0.2223
11912,237,93,0.3065
11913,237,93,0.4734
11914,237,93,0.4632
11915,237,93,0.5970
11916,237,93,0.8236
11917,237,93,0.2046
12431,239,17,0.6436
12432,239,17,0.6890
12433,239,17,0.9465
12434,239,17,0.9669
12435,239,17,0.7499
12436,239,17,0.9663
12437,239,17,0.9801
12438,239,17,0.9825
12439,239,17,0.9607
12440,239,17,0.5687
10351,235,17,0.6951
10352,235,17,0.8820
10353,235,17,0.9118
10354,235,17,0.8817
10355,235,17,0.9507
10356,235,17,0.4632
10357,235,17,0.1305
10358,235,17,0.8908
10359,235,17,0.7495
10360,235,17,0.2253
11034,236,17,0.6972
11035,236,17,0.0376
11036,236,17,0.9026
11918,237,93,0.1248
11919,237,93,0.1957
11920,237,93,0.5379
12441,239,17,0.6770
12442,239,17,0.5461
10361,235,17,0.8962
10362,235,17,0.8904
10363,235,17,0.9773
10364,235,17,0.5897
10365,235,17,0.1216
10366,235,17,0.7746
10367,235,17,0.5838
10368,235,17,0.8425
10369,235,17,0.8230
10370,235,17,0.8646
11037,236,17,0.8527
11038,236,17,0.0636
11039,236,17,0.1790
11040,236,17,0.2492
11921,237,17,0.1331
12443,239,17,0.7745
12444,239,17,0.7084
10371,235,17,0.9127
10372,235,17,0.6137
10373,235,17,0.8270
10374,235,17,0.9218
10375,235,17,0.9588
10376,235,17,0.9742
10377,235,17,0.9787
10378,235,17,0.9840
10379,235,17,0.9859
10380,235,17,0.9874
11041,236,17,0.9187
11042,236,17,0.5108
11043,236,17,0.9523
11044,236,17,0.7800
11045,236,17,0.7159
11046,236,17,0.1955
11047,236,17,0.2353
11048,236,17,0.2963
11922,237,93,0.5619
11923,237,93,0.6208
11924,237,93,0.1553
11925,237,93,0.7340
11926,237,93,0.7922
11927,237,93,0.8494
11928,237,93,0.8910
11929,237,93,0.9270
11930,237,93,0.9376
11931,237,93,0.9513
12445,239,17,0.9299
12446,239,17,0.6659
10381,235,17,0.8606
10382,235,17,0.6133
10383,235,17,0.8626
10384,235,17,0.8781
10385,235,17,0.9620
10386,235,17,0.9477
10387,235,17,0.9833
10388,235,17,0.9810
10389,235,17,0.0181
10390,235,17,0.9382
11049,236,17,0.7247
11050,236,17,0.6689
11051,236,17,0.2180
11052,236,17,0.8670
11932,237,93,0.0879
11933,237,93,0.5832
11934,237,93,0.2260
11935,237,93,0.2621
11936,237,93,0.4552
11937,237,93,0.8010
11938,237,93,0.8227
11939,237,93,0.1243
12447,239,17,0.5731
12448,239,17,0.8450
12449,239,17,0.6694
12450,239,17,0.1899
12451,239,17,0.7542
12452,239,17,0.9157
12453,239,17,0.9725
12454,239,17,0.9795
12455,239,17,0.3635
12456,239,17,0.6674
10391,235,17,0.6161
10392,235,17,0.3056
10393,235,17,0.6530
10394,235,17,0.9073
10395,235,17,0.9423
10396,235,17,0.9610
10397,235,17,0.9756
10398,235,17,0.9787
10399,235,17,0.9837
10400,235,17,0.9867
11053,236,17,0.2722
11054,236,17,0.6580
11940,237,93,0.5948
11941,237,93,0.2274
11942,237,93,0.7265
11943,237,93,0.8430
11944,237,93,0.7653
11945,237,93,0.8660
11946,237,93,0.2122
11947,237,93,0.3613
11948,237,93,0.2002
12457,239,17,0.9294
12458,239,17,0.9749
12459,239,17,0.9785
12460,239,17,0.6897
12461,239,17,0.1680
12462,239,17,0.4284
12463,239,17,0.8442
12464,239,17,0.0332
10401,235,17,0.7865
10402,235,17,0.6020
10403,235,17,0.9555
10404,235,17,0.6117
10405,235,17,0.4915
10406,235,17,0.5019
10407,235,17,0.8774
10408,235,17,0.9516
10409,235,17,0.9800
10410,235,17,0.9845
11055,236,17,0.8578
11056,236,17,0.9252
11057,236,17,0.3644
11949,237,93,0.6670
11950,237,93,0.9377
11951,237,93,0.9743
11952,237,93,0.9706
11953,237,93,0.4811
11954,237,93,0.9575
11955,237,93,0.9356
11956,237,93,0.8079
11957,237,93,0.9462
12465,239,17,0.8159
12466,239,17,0.7220
12467,239,17,0.7441
12468,239,17,0.9507
12469,239,17,0.7538
12470,239,17,0.9488
12471,239,17,0.0268
10411,235,17,0.8167
10412,235,17,0.6363
10413,235,17,0.5139
10414,235,17,0.7165
10415,235,17,0.9105
10416,235,17,0.9390
10417,235,17,0.9884
10418,235,17,0.9908
10419,235,17,0.9917
10420,235,17,0.9941
11058,236,17,0.8691
11059,236,17,0.7492
11060,236,17,0.9453
11061,236,17,0.0954
11062,236,17,0.5054
11063,236,17,0.1832
11958,237,43,0.1566
11959,237,43,0.5500
12472,239,17,0.4657
12473,239,17,0.9361
12474,239,17,0.5837
12475,239,17,0.4558
12476,239,17,0.6024
12477,239,17,0.2532
12478,239,17,0.7915
12479,239,17,0.7838
12480,239,17,0.9083
12481,239,17,0.9490
10421,235,17,0.4525
10422,235,17,0.8857
10423,235,17,0.9724
10424,235,17,0.9800
10425,235,17,0.9808
10426,235,17,0.8955
10427,235,17,0.9557
10428,235,17,0.9747
10429,235,17,0.9351
10430,235,17,0.8210
11064,236,17,0.8444
11065,236,17,0.9709
11066,236,17,0.4962
11960,237,43,0.9489
11961,237,43,0.5113
12482,239,17,0.7923
12483,239,17,0.3860
12484,239,17,0.3302
12485,239,17,0.7128
12486,239,17,0.9436
12487,239,17,0.9777
12488,239,17,0.8628
12489,239,17,0.6181
12490,239,17,0.7186
12491,239,17,0.2920
10431,235,17,0.9142
10432,235,17,0.9688
10433,235,17,0.9216
10434,235,17,0.9748
10435,235,17,0.9823
10436,235,17,0.9857
10437,235,17,0.9870
10438,235,17,0.9872
10439,235,17,0.9880
10440,235,17,0.9882
11067,236,17,0.6616
11068,236,17,0.6209
12492,239,17,0.8981
12493,239,17,0.4185
12494,239,17,0.6102
12495,239,17,0.9501
12496,239,17,0.8942
12497,239,17,0.5889
12498,239,17,0.4492
12499,239,17,0.5731
12500,239,17,0.7337
12501,239,17,0.8841
12609,240,132,0.7410
12610,240,132,0.1614
12611,240,132,0.7424
12612,240,132,0.7803
12613,240,132,0.9015
12614,240,132,0.8959
12615,240,132,0.8478
12616,240,132,0.1397
12617,240,132,0.8955
12618,240,132,0.6414
10441,235,17,0.5646
10442,235,17,0.6000
10443,235,17,0.5550
11069,236,17,0.7159
11070,236,17,0.0858
11071,236,17,0.2657
12502,239,17,0.9043
12503,239,17,0.5354
12504,239,17,0.6308
12505,239,17,0.7364
12619,240,132,0.9160
12620,240,132,0.8631
12621,240,132,0.9458
12622,240,132,0.8953
12623,240,132,0.7736
12624,240,132,0.7076
12625,240,132,0.9628
12626,240,132,0.9186
12627,240,132,0.9472
12628,240,132,0.9712
10444,235,17,0.8771
10445,235,17,0.7840
10446,235,17,0.8028
10447,235,17,0.1309
10448,235,17,0.2508
10449,235,17,0.6239
10450,235,17,0.9079
10451,235,17,0.9650
10452,235,17,0.9857
10453,235,17,0.9905
11072,236,17,0.2713
11073,236,17,0.5588
12506,239,17,0.5333
12507,239,17,0.9541
12508,239,17,0.9747
12509,239,17,0.9828
12510,239,17,0.9720
12511,239,17,0.9768
12512,239,17,0.7611
12513,239,17,0.9403
12514,239,17,0.7605
12515,239,17,0.9670
12629,240,23,0.7051
12630,240,23,0.4249
12631,240,23,0.3640
12632,240,23,0.9250
12633,240,23,0.6218
12634,240,23,0.7419
12635,240,23,0.7652
12636,240,23,0.8955
12637,240,23,0.9725
12638,240,23,0.9583
10454,235,17,0.9106
10455,235,17,0.7221
10456,235,17,0.6596
10457,235,17,0.2880
10458,235,17,0.5054
10459,235,17,0.5664
10460,235,17,0.9009
10461,235,17,0.9639
10462,235,17,0.9872
10463,235,17,0.9877
11074,236,17,0.3541
11075,236,17,0.7922
12516,239,17,0.5683
12517,239,17,0.1982
12518,239,17,0.4523
12519,239,17,0.4843
12520,239,17,0.7873
12521,239,17,0.5435
12522,239,17,0.3097
12523,239,17,0.9422
12524,239,17,0.9523
12525,239,17,0.0308
12639,240,23,0.6760
12640,240,23,0.9580
12641,240,23,0.4273
12642,240,23,0.9167
12643,240,23,0.4625
12644,240,23,0.9431
12645,240,23,0.9036
12646,240,23,0.6055
12647,240,23,0.4743
12648,240,23,0.4539
10464,235,17,0.2053
10465,235,17,0.3846
10466,235,17,0.4248
10467,235,17,0.8794
10468,235,17,0.5633
10469,235,17,0.7357
10470,235,17,0.8023
10471,235,17,0.8602
10472,235,17,0.7892
10473,235,17,0.8709
11076,236,17,0.2655
11077,236,17,0.6441
12526,239,17,0.4215
12527,239,17,0.9455
12528,239,17,0.9344
12529,239,17,0.0747
12530,239,17,0.8700
12531,239,17,0.9189
12532,239,17,0.6678
12533,239,17,0.0537
12534,239,17,0.9462
12535,239,17,0.3315
12649,240,23,0.8699
12650,240,23,0.3475
12651,240,23,0.9407
12652,240,23,0.0796
12653,240,23,0.8449
12654,240,23,0.5022
12655,240,23,0.0923
12656,240,23,0.3581
12657,240,23,0.7145
12658,240,23,0.7781
10474,235,17,0.3138
10475,235,17,0.3703
10476,235,17,0.7830
10477,235,17,0.8970
10478,235,17,0.8038
10479,235,17,0.9504
10480,235,17,0.9743
10481,235,17,0.9813
10482,235,17,0.9839
10483,235,17,0.9858
11078,236,17,0.5850
11079,236,17,0.9562
11080,236,17,0.9771
11081,236,17,0.2690
11082,236,17,0.6684
11083,236,17,0.7439
11084,236,17,0.7328
11085,236,17,0.6369
11086,236,17,0.4836
12536,239,17,0.2795
12537,239,17,0.5674
12659,240,23,0.7538
12660,240,23,0.3323
12661,240,23,0.4550
12662,240,23,0.2670
12663,240,23,0.6701
12664,240,23,0.7840
12665,240,23,0.6230
12666,240,23,0.9445
12667,240,23,0.9809
12668,240,23,0.9576
10484,235,17,0.8659
10485,235,17,0.7346
10486,235,17,0.9650
10487,235,17,0.6969
10488,235,17,0.7744
10489,235,17,0.9020
10490,235,17,0.9723
10491,235,17,0.9818
10492,235,17,0.9855
10493,235,17,0.9867
11087,236,17,0.7093
11088,236,17,0.9620
11089,236,17,0.4188
11090,236,17,0.9026
11091,236,17,0.8127
11092,236,17,0.9119
11093,236,17,0.9716
11094,236,17,0.9586
11095,236,17,0.9829
11096,236,17,0.9854
12538,239,17,0.5937
12669,240,23,0.9256
12670,240,23,0.2756
12671,240,23,0.7373
12672,240,23,0.6390
12673,240,23,0.5610
12674,240,23,0.5712
12675,240,23,0.0419
12676,240,23,0.7288
12677,240,23,0.6979
12678,240,23,0.8471
10494,235,17,0.1775
10495,235,17,0.3907
10496,235,17,0.8706
10497,235,17,0.9419
10498,235,17,0.9601
10499,235,17,0.9753
10500,235,17,0.9834
10501,235,17,0.9859
10502,235,17,0.9870
10503,235,17,0.9875
11097,236,17,0.8663
11098,236,17,0.6114
11099,236,17,0.3986
12539,239,17,0.8414
12540,239,17,0.4112
12541,239,17,0.4844
12542,239,17,0.7453
12543,239,17,0.2771
12544,239,17,0.7556
12679,240,23,0.5077
12680,240,23,0.9544
12681,240,23,0.3058
12682,240,23,0.7357
12683,240,23,0.9095
12684,240,23,0.9458
12685,240,23,0.9655
12686,240,23,0.9761
12687,240,23,0.9798
12688,240,23,0.9844
10504,235,17,0.7063
10505,235,17,0.3956
10506,235,17,0.3891
10507,235,17,0.7049
10508,235,17,0.7467
10509,235,17,0.7899
10510,235,17,0.8096
10511,235,17,0.8549
10512,235,17,0.8875
10513,235,17,0.9394
11100,236,17,0.7250
11101,236,17,0.8996
11102,236,17,0.9644
11103,236,17,0.9777
11104,236,17,0.6494
11105,236,17,0.6834
11106,236,17,0.6823
12545,239,17,0.7333
12546,239,17,0.6918
12689,240,23,0.4444
12690,240,23,0.6883
12691,240,23,0.3463
12692,240,23,0.8595
12693,240,23,0.4327
12694,240,23,0.9464
12695,240,23,0.7249
12696,240,23,0.5960
12697,240,23,0.8516
12698,240,23,0.9691
10514,235,17,0.4623
10515,235,17,0.0634
10516,235,17,0.5489
11107,236,17,0.9203
11108,236,17,0.4706
11109,236,17,0.3194
11110,236,17,0.6535
11111,236,17,0.9409
11112,236,17,0.0596
11113,236,17,0.3896
11114,236,17,0.1190
12547,239,132,0.3264
12699,240,23,0.5101
12700,240,23,0.8996
10517,235,17,0.6136
10518,235,17,0.9422
10519,235,17,0.8831
10520,235,17,0.5592
10521,235,17,0.7249
10522,235,17,0.9173
10523,235,17,0.9742
10524,235,17,0.8813
10525,235,17,0.9734
10526,235,17,0.9852
11115,236,17,0.6668
11116,236,17,0.5427
11117,236,17,0.9417
11118,236,17,0.5622
11119,236,17,0.9579
11120,236,17,0.0231
11121,236,17,0.8945
11122,236,17,0.8919
11123,236,17,0.6474
12548,239,17,0.7254
12701,240,23,0.8863
12702,240,23,0.3259
12703,240,23,0.1900
12704,240,23,0.8223
12705,240,23,0.4189
12706,240,23,0.8571
12707,240,23,0.9345
12708,240,23,0.9681
12709,240,23,0.9788
12710,240,23,0.9835
10527,235,17,0.6810
10528,235,17,0.8339
10529,235,17,0.8811
10530,235,17,0.6261
10531,235,17,0.6286
10532,235,17,0.7377
10533,235,17,0.8854
10534,235,17,0.9590
10535,235,17,0.9704
10536,235,17,0.9808
11124,236,17,0.3489
11125,236,17,0.5329
11126,236,17,0.7070
11127,236,17,0.8308
11128,236,17,0.9128
11129,236,17,0.6944
11130,236,17,0.3960
11131,236,17,0.9474
11132,236,17,0.9748
11133,236,17,0.9770
12549,239,17,0.9276
12550,239,17,0.4937
12551,239,17,0.9093
12552,239,17,0.9606
12553,239,17,0.2543
12554,239,17,0.4670
12555,239,17,0.8066
12556,239,17,0.9199
12557,239,17,0.0295
12558,239,17,0.3896
12711,240,23,0.6536
12712,240,23,0.4221
12713,240,23,0.9397
12714,240,23,0.9738
12715,240,23,0.8124
12716,240,23,0.2776
12717,240,23,0.6030
12718,240,23,0.9001
12719,240,23,0.7914
12720,240,23,0.7800
10537,235,17,0.2795
10538,235,17,0.3129
10539,235,17,0.5453
10540,235,17,0.8592
10541,235,17,0.9214
10542,235,17,0.9435
10543,235,17,0.9640
10544,235,17,0.9753
10545,235,17,0.9787
10546,235,17,0.9834
11134,236,17,0.4443
11135,236,17,0.6877
12559,239,17,0.9129
12560,239,17,0.9694
12561,239,17,0.7967
12562,239,17,0.9495
12563,239,17,0.5901
12564,239,17,0.7930
12565,239,17,0.8840
12566,239,17,0.8447
12567,239,17,0.7294
12568,239,17,0.9283
12721,240,23,0.7263
12722,240,23,0.3994
12723,240,23,0.7641
12724,240,23,0.9622
12725,240,23,0.9782
12726,240,23,0.9326
12727,240,23,0.8125
12728,240,23,0.7852
12729,240,23,0.9515
12730,240,23,0.8261
10547,235,17,0.5847
10548,235,17,0.8536
10549,235,17,0.9342
10550,235,17,0.9737
10551,235,17,0.9846
10552,235,17,0.9897
10553,235,17,0.9903
10554,235,17,0.9941
10555,235,17,0.9937
10556,235,17,0.9948
11136,236,17,0.7400
11137,236,17,0.9362
11138,236,17,0.9204
11139,236,17,0.7103
11140,236,17,0.9594
11141,236,17,0.9763
11142,236,17,0.8693
12569,239,17,0.4460
12570,239,17,0.9539
12571,239,17,0.9753
12572,239,17,0.9722
12573,239,17,0.1861
12574,239,17,0.8903
12575,239,17,0.6336
12576,239,17,0.8626
12577,239,17,0.2668
12578,239,17,0.9296
12731,240,23,0.8754
12732,240,23,0.2522
12733,240,23,0.7363
12734,240,23,0.7125
12735,240,23,0.9319
12736,240,23,0.8387
12737,240,23,0.9711
12738,240,23,0.9807
12739,240,23,0.9870
12740,240,23,0.9810
10557,235,17,0.4514
10558,235,17,0.4489
10559,235,17,0.8835
10560,235,17,0.9516
10561,235,17,0.9692
10562,235,17,0.9803
10563,235,17,0.9833
10564,235,17,0.9858
10565,235,17,0.9872
10566,235,17,0.9878
11143,236,17,0.6312
11144,236,17,0.9172
11145,236,17,0.4667
11146,236,17,0.0548
11147,236,17,0.9295
11148,236,17,0.8997
11149,236,17,0.9753
11150,236,17,0.8143
11151,236,17,0.4031
11152,236,17,0.9508
12579,239,17,0.9218
12580,239,17,0.9325
12581,239,17,0.8632
12582,239,17,0.6858
12583,239,17,0.3094
12584,239,17,0.8027
12585,239,17,0.5720
12586,239,17,0.9533
12587,239,17,0.9781
12588,239,17,0.9791
12741,240,23,0.9233
12742,240,23,0.3604
12743,240,23,0.8858
12744,240,23,0.9260
12745,240,23,0.9530
12746,240,23,0.9629
12747,240,23,0.9734
12748,240,23,0.9827
12749,240,23,0.9852
12750,240,23,0.9856
10567,235,17,0.2768
10568,235,17,0.7453
10569,235,17,0.7853
10570,235,17,0.8583
10571,235,17,0.8717
10572,235,17,0.9243
10573,235,17,0.2421
10574,235,17,0.6772
10575,235,17,0.8646
11153,236,17,0.3467
11154,236,17,0.9420
11155,236,17,0.3989
11156,236,17,0.3678
11157,236,17,0.8205
11158,236,17,0.9318
11159,236,17,0.8976
11160,236,17,0.9712
11161,236,17,0.9823
11162,236,17,0.9850
12589,239,93,0.4327
12590,239,93,0.9491
12591,239,93,0.3902
12592,239,93,0.9321
12593,239,93,0.5444
12594,239,93,0.5106
12595,239,93,0.9045
12596,239,93,0.9532
12597,239,93,0.8912
12598,239,93,0.9578
12751,240,23,0.1689
12752,240,23,0.5781
12753,240,23,0.6260
12754,240,23,0.6798
12755,240,23,0.8539
12756,240,23,0.8210
12757,240,23,0.8481
12758,240,23,0.5997
12759,240,23,0.8156
12760,240,23,0.7697
10576,235,93,0.8909
10577,235,93,0.8731
10578,235,93,0.8560
10579,235,93,0.7735
10580,235,93,0.9429
10581,235,93,0.9023
10582,235,93,0.7122
10583,235,93,0.9530
10584,235,93,0.6040
11163,236,17,0.9382
11164,236,17,0.9733
11165,236,17,0.9584
11166,236,17,0.8013
11167,236,17,0.9543
11168,236,17,0.3263
11169,236,17,0.9075
11170,236,17,0.9320
11171,236,17,0.9778
11172,236,17,0.9844
12599,239,93,0.7303
12600,239,93,0.6680
12601,239,93,0.9561
12602,239,93,0.4306
12603,239,93,0.2735
12604,239,93,0.4543
12605,239,93,0.8616
12606,239,93,0.9475
12607,239,93,0.9765
12608,239,93,0.9813
12761,240,23,0.3490
12762,240,23,0.4643
12763,240,23,0.9360
12764,240,23,0.6575
12765,240,23,0.7341
12766,240,23,0.1058
12767,240,23,0.6582
12768,240,23,0.7559
12769,240,23,0.8542
12770,240,23,0.8164
11173,236,17,0.2843
11174,236,17,0.0939
11175,236,17,0.9050
11176,236,17,0.4523
11177,236,17,0.8994
11178,236,17,0.7182
11179,236,17,0.2195
11180,236,17,0.1745
12771,240,23,0.4846
12772,240,23,0.2141
12773,240,23,0.8682
12774,240,23,0.1298
12775,240,23,0.8647
12776,240,23,0.9263
12777,240,23,0.9692
12778,240,23,0.9811
12779,240,23,0.9862
12780,240,23,0.9875
13100,241,132,0.8996
13101,241,132,0.9304
13102,241,132,0.6414
13103,241,132,0.9006
13104,241,132,0.6281
13105,241,132,0.8500
13106,241,132,0.9645
13107,241,132,0.9784
13108,241,132,0.9827
13109,241,132,0.9431
13720,242,132,0.8285
13721,242,132,0.9445
13722,242,132,0.9299
13723,242,132,0.9334
13724,242,132,0.9357
13725,242,132,0.9658
13726,242,132,0.7116
13727,242,132,0.9670
13728,242,132,0.1972
13729,242,132,0.5174
11181,236,17,0.4819
11182,236,17,0.6318
12781,240,23,0.8772
12782,240,23,0.4148
12783,240,23,0.9225
12784,240,23,0.9701
12785,240,23,0.9782
12786,240,23,0.8850
12787,240,23,0.7739
12788,240,23,0.8567
12789,240,23,0.7068
12790,240,23,0.9559
13110,241,132,0.9206
13111,241,132,0.9766
13112,241,132,0.9240
13113,241,132,0.9344
13114,241,132,0.9526
13115,241,132,0.6952
13116,241,132,0.9470
13117,241,132,0.8532
13118,241,132,0.0946
13119,241,132,0.9439
13730,242,23,0.6421
13731,242,23,0.9540
13732,242,23,0.4429
13733,242,23,0.4927
13734,242,23,0.7325
13735,242,23,0.3311
13736,242,23,0.5378
13737,242,23,0.6751
13738,242,23,0.8686
13739,242,23,0.9327
11183,236,17,0.3510
11184,236,17,0.5262
12791,240,23,0.1496
12792,240,23,0.1014
12793,240,23,0.6161
12794,240,23,0.5270
12795,240,23,0.4849
12796,240,23,0.8343
12797,240,23,0.9632
12798,240,23,0.9793
12799,240,23,0.9825
12800,240,23,0.4490
13120,241,132,0.9618
13121,241,132,0.3270
13122,241,132,0.9674
13123,241,132,0.9381
13124,241,132,0.9774
13125,241,132,0.6749
13126,241,132,0.4563
13127,241,132,0.3028
13128,241,132,0.8740
13129,241,132,0.9500
13740,242,23,0.6624
13741,242,23,0.9016
13742,242,23,0.8426
13743,242,23,0.9691
13744,242,23,0.7661
13745,242,23,0.5519
13746,242,23,0.7125
13747,242,23,0.6114
13748,242,23,0.6564
13749,242,23,0.8981
11185,236,17,0.1131
11186,236,17,0.3732
12801,240,23,0.7309
12802,240,23,0.9680
12803,240,23,0.8627
12804,240,23,0.5532
12805,240,23,0.1406
12806,240,23,0.6617
12807,240,23,0.5289
12808,240,23,0.9370
12809,240,23,0.9719
12810,240,23,0.9817
13130,241,132,0.7942
13131,241,132,0.9288
13132,241,132,0.9733
13133,241,132,0.9824
13134,241,132,0.8370
13135,241,132,0.9357
13136,241,132,0.4404
13137,241,132,0.4678
13138,241,132,0.9517
13139,241,132,0.9448
13750,242,23,0.4853
13751,242,23,0.8377
13752,242,23,0.6948
11187,236,17,0.6824
11188,236,17,0.7730
12811,240,23,0.9545
12812,240,23,0.0797
12813,240,23,0.6870
12814,240,23,0.9548
12815,240,23,0.4608
12816,240,23,0.4266
12817,240,23,0.9183
12818,240,23,0.9726
12819,240,23,0.9828
12820,240,23,0.6448
13140,241,23,0.4236
13141,241,23,0.3394
13142,241,23,0.8410
13143,241,23,0.9506
13144,241,23,0.9736
13145,241,23,0.9803
13146,241,23,0.9815
13147,241,23,0.9839
13148,241,23,0.9864
13149,241,23,0.9863
13753,242,23,0.5667
13754,242,23,0.6585
13755,242,23,0.7141
13756,242,23,0.9338
13757,242,23,0.1328
13758,242,23,0.3777
13759,242,23,0.6534
13760,242,23,0.4493
13761,242,23,0.8728
13762,242,23,0.8117
11189,236,17,0.9191
11190,236,17,0.5869
11191,236,17,0.5418
12821,240,23,0.8371
12822,240,23,0.5623
12823,240,23,0.3914
12824,240,23,0.7552
12825,240,23,0.9494
12826,240,23,0.9760
12827,240,23,0.9345
12828,240,23,0.4243
12829,240,23,0.8431
12830,240,23,0.9174
13150,241,23,0.8542
13151,241,23,0.9749
13152,241,23,0.9814
13153,241,23,0.8703
13154,241,23,0.4538
13155,241,23,0.8480
13156,241,23,0.7331
13157,241,23,0.4897
13158,241,23,0.7811
13159,241,23,0.8778
13763,242,23,0.8967
13764,242,23,0.1125
13765,242,23,0.9262
13766,242,23,0.7704
13767,242,23,0.5733
13768,242,23,0.8563
13769,242,23,0.9571
13770,242,23,0.9756
13771,242,23,0.9834
13772,242,23,0.9849
11192,236,17,0.4401
11193,236,17,0.6779
12831,240,23,0.9078
12832,240,23,0.5458
12833,240,23,0.8242
12834,240,23,0.4426
12835,240,23,0.4952
12836,240,23,0.9116
12837,240,23,0.9769
12838,240,23,0.9825
12839,240,23,0.9858
12840,240,23,0.9874
13160,241,23,0.7625
13161,241,23,0.8642
13162,241,23,0.9240
13163,241,23,0.1119
13164,241,23,0.6598
13165,241,23,0.9088
13166,241,23,0.9573
13167,241,23,0.9716
13168,241,23,0.9802
13169,241,23,0.9850
13773,242,23,0.5777
13774,242,23,0.4393
13775,242,23,0.5793
13776,242,23,0.4648
13777,242,23,0.6827
11194,236,17,0.8595
11195,236,17,0.6924
12841,240,23,0.4686
12842,240,23,0.7155
12843,240,23,0.4055
12844,240,23,0.7231
12845,240,23,0.8515
12846,240,23,0.8018
12847,240,23,0.8732
12848,240,23,0.8297
12849,240,23,0.8691
12850,240,23,0.8087
13170,241,23,0.3261
13171,241,23,0.9470
13172,241,23,0.2608
13173,241,23,0.6255
13174,241,23,0.9294
13175,241,23,0.1880
13176,241,23,0.2212
13177,241,23,0.7551
13178,241,23,0.0668
13179,241,23,0.1164
13778,242,23,0.4263
13779,242,23,0.2662
13780,242,23,0.8866
13781,242,23,0.9358
13782,242,23,0.7285
13783,242,23,0.9256
13784,242,23,0.9624
13785,242,23,0.5860
13786,242,23,0.8448
13787,242,23,0.9631
11196,236,17,0.1287
11197,236,17,0.5530
12851,240,23,0.3718
12852,240,23,0.1307
12853,240,23,0.6617
12854,240,23,0.8215
12855,240,23,0.8234
12856,240,23,0.8620
12857,240,23,0.8048
12858,240,23,0.8564
12859,240,23,0.7993
12860,240,23,0.8727
13180,241,23,0.4757
13181,241,23,0.3591
13182,241,23,0.9327
13183,241,23,0.9546
13184,241,23,0.9698
13185,241,23,0.9792
13186,241,23,0.9825
13187,241,23,0.9865
13188,241,23,0.9871
13189,241,23,0.9877
13788,242,23,0.8868
13789,242,23,0.3962
13790,242,23,0.9571
13791,242,23,0.7336
13792,242,23,0.8487
13793,242,23,0.8428
13794,242,23,0.9434
13795,242,23,0.9762
13796,242,23,0.4334
13797,242,23,0.5846
11198,236,17,0.5464
11199,236,17,0.6277
12861,240,23,0.1439
12862,240,23,0.7402
12863,240,23,0.7415
12864,240,23,0.8010
12865,240,23,0.9454
12866,240,23,0.9706
12867,240,23,0.6424
12868,240,23,0.3478
12869,240,23,0.5313
12870,240,23,0.9473
13190,241,23,0.8049
13191,241,23,0.6822
13192,241,23,0.2961
13193,241,23,0.7066
13194,241,23,0.9311
13195,241,23,0.9484
13196,241,23,0.9810
13197,241,23,0.9905
13198,241,23,0.9936
13199,241,23,0.9937
13798,242,23,0.5705
13799,242,23,0.4619
13800,242,23,0.8810
13801,242,23,0.7716
13802,242,23,0.7641
13803,242,23,0.9596
13804,242,23,0.1886
11200,236,17,0.6667
11201,236,17,0.9293
11202,236,17,0.9709
11203,236,17,0.8148
11204,236,17,0.9684
11205,236,17,0.1326
11206,236,17,0.9304
11207,236,17,0.2802
12871,240,107,0.9406
12872,240,107,0.9409
12873,240,107,0.5039
12874,240,107,0.9485
12875,240,107,0.9112
12876,240,107,0.1867
12877,240,107,0.9454
12878,240,107,0.9459
12879,240,107,0.9791
13200,241,23,0.5313
13201,241,23,0.3361
13202,241,23,0.9270
13203,241,23,0.9613
13204,241,23,0.9723
13205,241,23,0.9808
13206,241,23,0.9851
13207,241,23,0.9863
13208,241,23,0.9874
13209,241,23,0.9879
13805,242,23,0.7137
13806,242,23,0.0726
13807,242,23,0.8247
13808,242,23,0.8539
13809,242,23,0.9591
13810,242,23,0.8135
11208,236,17,0.9137
11209,236,17,0.5699
11210,236,17,0.9591
11211,236,17,0.4780
11212,236,17,0.8789
11213,236,17,0.3828
11214,236,17,0.0932
12880,240,43,0.8685
12881,240,43,0.8492
12882,240,43,0.9413
12883,240,43,0.9499
12884,240,43,0.9423
12885,240,43,0.9454
12886,240,43,0.1319
12887,240,43,0.4363
12888,240,43,0.7401
12889,240,43,0.4980
13210,241,23,0.1421
13211,241,23,0.9500
13212,241,23,0.4168
13213,241,23,0.3206
13214,241,23,0.1296
13215,241,23,0.7410
13216,241,23,0.7960
13217,241,23,0.8747
13218,241,23,0.7251
13219,241,23,0.8639
13811,242,23,0.9261
13812,242,23,0.5929
13813,242,23,0.4681
13814,242,23,0.6653
13815,242,23,0.9044
13816,242,23,0.6886
13817,242,23,0.6787
11215,236,17,0.6254
11216,236,17,0.6370
12890,240,43,0.9295
12891,240,43,0.4957
12892,240,43,0.5613
12893,240,43,0.9122
12894,240,43,0.7495
12895,240,43,0.9259
12896,240,43,0.7455
12897,240,43,0.5913
12898,240,43,0.8509
12899,240,43,0.4388
13220,241,23,0.5235
13221,241,23,0.6766
13222,241,23,0.6847
13223,241,23,0.0854
13224,241,23,0.8858
13225,241,23,0.9104
13226,241,23,0.9589
13227,241,23,0.9730
13228,241,23,0.9790
13229,241,23,0.9847
13818,242,23,0.6965
13819,242,23,0.3613
13820,242,23,0.6111
13821,242,23,0.3540
13822,242,23,0.9332
13823,242,23,0.9599
13824,242,23,0.9738
13825,242,23,0.9806
13826,242,23,0.9841
13827,242,23,0.9858
11217,236,17,0.6684
11218,236,17,0.7090
12900,240,43,0.1928
12901,240,43,0.4263
12902,240,43,0.9465
12903,240,43,0.9673
12904,240,43,0.9796
12905,240,43,0.9506
12906,240,43,0.9454
12907,240,43,0.0298
12908,240,43,0.8325
12909,240,43,0.9069
13230,241,23,0.5022
13231,241,23,0.3885
13232,241,23,0.6119
13233,241,23,0.8950
13234,241,23,0.9597
13235,241,23,0.9705
13236,241,23,0.9779
13237,241,23,0.9821
13238,241,23,0.9850
13239,241,23,0.9863
13828,242,23,0.8432
13829,242,23,0.9641
13830,242,23,0.3010
13831,242,23,0.1933
13832,242,23,0.5845
13833,242,23,0.9117
13834,242,23,0.9599
13835,242,23,0.9732
13836,242,23,0.9792
13837,242,23,0.9878
11219,236,17,0.9036
11220,236,17,0.9732
11221,236,17,0.5669
11222,236,17,0.9304
11223,236,17,0.9621
11224,236,17,0.9609
11225,236,17,0.7330
11226,236,17,0.9684
11227,236,17,0.9149
11228,236,17,0.0254
12910,240,17,0.8900
12911,240,17,0.9676
12912,240,17,0.9779
12913,240,17,0.7151
12914,240,17,0.5908
12915,240,17,0.2202
12916,240,17,0.4405
12917,240,17,0.2608
12918,240,17,0.6637
12919,240,17,0.3210
13240,241,23,0.9588
13241,241,23,0.5801
13242,241,23,0.4165
13243,241,23,0.8928
13244,241,23,0.9460
13245,241,23,0.9763
13246,241,23,0.9881
13247,241,23,0.9896
13248,241,23,0.9926
13249,241,23,0.9941
13838,242,23,0.9154
13839,242,23,0.6714
13840,242,23,0.3783
13841,242,23,0.8797
13842,242,23,0.9448
13843,242,23,0.9734
13844,242,23,0.9875
13845,242,23,0.9903
13846,242,23,0.9932
13847,242,23,0.9919
11229,236,93,0.4396
11230,236,93,0.5393
12920,240,17,0.4232
12921,240,17,0.6071
12922,240,17,0.8084
12923,240,17,0.8942
12924,240,17,0.9648
12925,240,17,0.9867
12926,240,17,0.9940
12927,240,17,0.9907
12928,240,17,0.9941
12929,240,17,0.9944
13250,241,23,0.8703
13251,241,23,0.7226
13252,241,23,0.4278
13253,241,23,0.9030
13254,241,23,0.9549
13255,241,23,0.9698
13256,241,23,0.9878
13257,241,23,0.9893
13258,241,23,0.9921
13259,241,23,0.9936
13848,242,23,0.6548
11231,236,93,0.5659
11232,236,93,0.9225
11233,236,93,0.8786
11234,236,93,0.9409
11235,236,93,0.2075
11236,236,93,0.6150
12930,240,17,0.7999
12931,240,17,0.5016
12932,240,17,0.1216
12933,240,17,0.5497
12934,240,17,0.8760
12935,240,17,0.9535
12936,240,17,0.9737
12937,240,17,0.9813
12938,240,17,0.9845
12939,240,17,0.9860
13260,241,23,0.1042
13261,241,23,0.1406
13262,241,23,0.7715
13263,241,23,0.0444
13264,241,23,0.4666
13265,241,23,0.5357
13266,241,23,0.9065
13267,241,23,0.9594
13268,241,23,0.9750
13269,241,23,0.9859
13849,242,23,0.9192
13850,242,23,0.2500
13851,242,23,0.2196
13852,242,23,0.3600
13853,242,23,0.7012
13854,242,23,0.6015
13855,242,23,0.9062
13856,242,23,0.9610
13857,242,23,0.9743
13858,242,23,0.9810
11237,236,93,0.8090
11238,236,93,0.6628
11239,236,93,0.2730
11240,236,93,0.8987
11241,236,93,0.8370
11242,236,93,0.8909
11243,236,93,0.9670
11244,236,93,0.0756
11245,236,93,0.9231
11246,236,93,0.9793
12940,240,17,0.6071
12941,240,17,0.4592
12942,240,17,0.6347
12943,240,17,0.9258
12944,240,17,0.9485
12945,240,17,0.9652
12946,240,17,0.9752
12947,240,17,0.9793
12948,240,17,0.9821
12949,240,17,0.9847
13270,241,23,0.0913
13271,241,23,0.8411
13272,241,23,0.9409
13273,241,23,0.9407
13274,241,23,0.9742
13275,241,23,0.9864
13276,241,23,0.9886
13277,241,23,0.9913
13278,241,23,0.9920
13279,241,23,0.9930
13859,242,23,0.1112
13860,242,23,0.6174
13861,242,23,0.6800
13862,242,23,0.3829
13863,242,23,0.9415
13864,242,23,0.9705
13865,242,23,0.9772
13866,242,23,0.9803
13867,242,23,0.9856
13868,242,23,0.9858
11247,236,93,0.5320
11248,236,93,0.8418
12950,240,17,0.5778
12951,240,17,0.2176
12952,240,17,0.5019
12953,240,17,0.8193
12954,240,17,0.8794
12955,240,17,0.9085
12956,240,17,0.9358
12957,240,17,0.9559
12958,240,17,0.9702
12959,240,17,0.9782
13280,241,23,0.8594
13281,241,23,0.9734
13282,241,23,0.6052
13283,241,23,0.4782
13284,241,23,0.3052
13285,241,23,0.8822
13286,241,23,0.9322
13287,241,23,0.9504
13288,241,23,0.9760
13289,241,23,0.9840
13869,242,23,0.5358
13870,242,23,0.7662
13871,242,23,0.9224
13872,242,23,0.9231
13873,242,23,0.8335
13874,242,23,0.8657
13875,242,23,0.0611
13876,242,23,0.2433
13877,242,23,0.2665
13878,242,23,0.8752
11249,236,93,0.5885
11250,236,93,0.8849
12960,240,17,0.7427
12961,240,17,0.8687
12962,240,17,0.9485
12963,240,17,0.4019
12964,240,17,0.2316
12965,240,17,0.5132
12966,240,17,0.7764
12967,240,17,0.9263
12968,240,17,0.9722
12969,240,17,0.9830
13290,241,23,0.0887
13291,241,23,0.9020
13292,241,23,0.9340
13293,241,23,0.9574
13294,241,23,0.9108
13295,241,23,0.0638
13296,241,23,0.8909
13297,241,23,0.9215
13298,241,23,0.9483
13299,241,23,0.9664
13879,242,23,0.5315
13880,242,23,0.4649
13881,242,23,0.6284
13882,242,23,0.9102
13883,242,23,0.9289
13884,242,23,0.9654
13885,242,23,0.9774
13886,242,23,0.9822
13887,242,23,0.9848
13888,242,23,0.9869
11251,236,17,0.8023
12970,240,17,0.7694
12971,240,17,0.9449
12972,240,17,0.3948
12973,240,17,0.0775
12974,240,17,0.5709
12975,240,17,0.1042
12976,240,17,0.7780
12977,240,17,0.9431
12978,240,17,0.9740
12979,240,17,0.9816
13300,241,23,0.2952
13301,241,23,0.9599
13302,241,23,0.0246
13303,241,23,0.1906
13304,241,23,0.8445
13305,241,23,0.9264
13306,241,23,0.9659
13307,241,23,0.9805
13308,241,23,0.9876
13309,241,23,0.9904
13889,242,23,0.6312
13890,242,23,0.8875
13891,242,23,0.9618
13892,242,23,0.9752
13893,242,23,0.9807
13894,242,23,0.9777
13895,242,23,0.9777
13896,242,23,0.7718
13897,242,23,0.5514
13898,242,23,0.9019
11252,236,93,0.9284
11253,236,93,0.9605
11254,236,93,0.4547
11255,236,93,0.5161
11256,236,93,0.5588
11257,236,93,0.9451
11258,236,93,0.0454
12980,240,17,0.9359
12981,240,17,0.9194
12982,240,17,0.9394
12983,240,17,0.9040
12984,240,17,0.3672
12985,240,17,0.9265
12986,240,17,0.3416
12987,240,17,0.9319
12988,240,17,0.9529
12989,240,17,0.9780
13310,241,23,0.8942
13311,241,23,0.0760
13312,241,23,0.4269
13313,241,23,0.7217
13314,241,23,0.2741
13315,241,23,0.8392
13316,241,23,0.9079
13317,241,23,0.9662
13318,241,23,0.9769
13319,241,23,0.9861
13899,242,23,0.8759
13900,242,23,0.6179
13901,242,23,0.7698
13902,242,23,0.9634
13903,242,23,0.9659
13904,242,23,0.9757
13905,242,23,0.9028
13906,242,23,0.7710
13907,242,23,0.0531
13908,242,23,0.6289
11259,236,93,0.5727
11260,236,93,0.5472
11261,236,93,0.7261
11262,236,93,0.7236
11263,236,93,0.3705
11264,236,93,0.1070
11265,236,93,0.2485
12990,240,17,0.6068
12991,240,17,0.9164
12992,240,17,0.4911
12993,240,17,0.7617
12994,240,17,0.6280
12995,240,17,0.7019
12996,240,17,0.9269
12997,240,17,0.9690
12998,240,17,0.9813
12999,240,17,0.9839
13320,241,23,0.2536
13321,241,23,0.6347
13322,241,23,0.3833
13323,241,23,0.8784
13324,241,23,0.9450
13325,241,23,0.9787
13326,241,23,0.9887
13327,241,23,0.9902
13328,241,23,0.9927
13329,241,23,0.9919
13909,242,23,0.5944
13910,242,23,0.7923
13911,242,23,0.6350
13912,242,23,0.9382
13913,242,23,0.9792
13914,242,23,0.9895
13915,242,23,0.9927
13916,242,23,0.9920
13917,242,23,0.9941
13918,242,23,0.9947
11266,236,43,0.2776
13000,240,17,0.6206
13001,240,17,0.5015
13002,240,17,0.2579
13003,240,17,0.8580
13004,240,17,0.9217
13005,240,17,0.9256
13006,240,17,0.9610
13007,240,17,0.9759
13008,240,17,0.9825
13009,240,17,0.9835
13330,241,23,0.1207
13331,241,23,0.8941
13332,241,23,0.5252
13333,241,23,0.9197
13334,241,23,0.9692
13335,241,23,0.9847
13336,241,23,0.9897
13337,241,23,0.9905
13338,241,23,0.9924
13339,241,23,0.9930
13919,242,23,0.2220
13920,242,23,0.3821
13921,242,23,0.8782
13922,242,23,0.9377
13923,242,23,0.9718
13924,242,23,0.9837
13925,242,23,0.9881
13926,242,23,0.9908
13927,242,23,0.9910
13928,242,23,0.9921
11267,236,93,0.7023
11268,236,93,0.9617
11269,236,93,0.4961
11270,236,93,0.9399
11271,236,93,0.9374
11272,236,93,0.9766
11273,236,93,0.9808
11274,236,93,0.9629
11275,236,93,0.7718
13010,240,17,0.4532
13011,240,17,0.9545
13012,240,17,0.9782
13013,240,17,0.8350
13014,240,17,0.9487
13015,240,17,0.8297
13016,240,17,0.6518
13017,240,17,0.8939
13018,240,17,0.9407
13019,240,17,0.9631
13340,241,23,0.0988
13341,241,23,0.6300
13342,241,23,0.8672
13343,241,23,0.9615
13344,241,23,0.9794
13345,241,23,0.9901
13346,241,23,0.9915
13347,241,23,0.9950
13348,241,23,0.9942
13349,241,23,0.9951
13929,242,23,0.8982
13930,242,23,0.8643
13931,242,23,0.6654
13932,242,23,0.8939
13933,242,23,0.9315
13934,242,23,0.9735
13935,242,23,0.9856
13936,242,23,0.9906
13937,242,23,0.9924
13938,242,23,0.9931
13020,240,17,0.3119
13021,240,17,0.3888
13022,240,17,0.9158
13023,240,17,0.9565
13024,240,17,0.9779
13025,240,17,0.9828
13026,240,17,0.9851
13027,240,17,0.9870
13028,240,17,0.9876
13029,240,17,0.9881
13350,241,23,0.8938
13351,241,23,0.3645
13352,241,23,0.2268
13353,241,23,0.6692
13354,241,23,0.9320
13355,241,23,0.9675
13356,241,23,0.9746
13357,241,23,0.9795
13358,241,23,0.9845
13359,241,23,0.9865
13939,242,23,0.4431
13940,242,23,0.6427
14454,243,132,0.8210
14455,243,132,0.9172
14456,243,132,0.6322
14457,243,132,0.9588
14458,243,132,0.0796
14459,243,132,0.1448
14460,243,132,0.2975
14461,243,132,0.8902
14462,243,132,0.7392
14463,243,132,0.9404
13030,240,17,0.5650
13031,240,17,0.1444
13032,240,17,0.9032
13033,240,17,0.1347
13034,240,17,0.6235
13035,240,17,0.7462
13036,240,17,0.4494
13037,240,17,0.9465
13038,240,17,0.8793
13039,240,17,0.3851
13360,241,23,0.2508
13361,241,23,0.0889
13362,241,23,0.6161
13363,241,23,0.2875
13364,241,23,0.8396
13365,241,23,0.9102
13366,241,23,0.9501
13367,241,23,0.9716
13368,241,23,0.9770
13369,241,23,0.9821
13941,242,23,0.4657
13942,242,23,0.7426
13943,242,23,0.5223
13944,242,23,0.7388
13945,242,23,0.7501
13946,242,23,0.5707
13947,242,23,0.8932
13948,242,23,0.3777
13949,242,23,0.8037
13950,242,23,0.9112
14464,243,132,0.4245
13040,240,17,0.5413
13041,240,17,0.7953
13042,240,17,0.3498
13043,240,17,0.7217
13044,240,17,0.9270
13045,240,17,0.6539
13046,240,17,0.7494
13047,240,17,0.8841
13048,240,17,0.9759
13049,240,17,0.9892
13370,241,23,0.8837
13371,241,23,0.3502
13372,241,23,0.3412
13373,241,23,0.6077
13374,241,23,0.9061
13375,241,23,0.9623
13376,241,23,0.9871
13377,241,23,0.9893
13378,241,23,0.9918
13379,241,23,0.9944
13951,242,23,0.6611
13952,242,23,0.6510
13953,242,23,0.7032
13954,242,23,0.6809
13955,242,23,0.9592
13956,242,23,0.8112
13957,242,23,0.8956
13958,242,23,0.1935
13959,242,23,0.8592
13960,242,23,0.9453
14465,243,132,0.3728
14466,243,132,0.6667
14467,243,132,0.9252
14468,243,132,0.0576
13050,240,17,0.2123
13051,240,17,0.7130
13052,240,17,0.6564
13053,240,17,0.6587
13054,240,17,0.8567
13055,240,17,0.8369
13056,240,17,0.8683
13057,240,17,0.8154
13058,240,17,0.8738
13059,240,17,0.7986
13380,241,23,0.8723
13381,241,23,0.6582
13382,241,23,0.4383
13383,241,23,0.8912
13384,241,23,0.9583
13385,241,23,0.9801
13386,241,23,0.9860
13387,241,23,0.9904
13388,241,23,0.9919
13389,241,23,0.9932
13961,242,23,0.7236
13962,242,23,0.0866
13963,242,23,0.5946
13964,242,23,0.9115
13965,242,23,0.9645
13966,242,23,0.9780
13967,242,23,0.9820
13968,242,23,0.9842
13969,242,23,0.9870
13970,242,23,0.9876
14469,243,132,0.9152
14470,243,132,0.9590
14471,243,132,0.5247
14472,243,132,0.7588
14473,243,132,0.9312
14474,243,132,0.1804
14475,243,132,0.7781
14476,243,132,0.8323
14477,243,132,0.5392
14478,243,132,0.4668
13060,240,17,0.5740
13061,240,17,0.5538
13062,240,17,0.3344
13063,240,17,0.9531
13064,240,17,0.9636
13065,240,17,0.7505
13066,240,17,0.3232
13067,240,17,0.9472
13068,240,17,0.9760
13390,241,23,0.5170
13391,241,23,0.1341
13392,241,23,0.7667
13393,241,23,0.7542
13394,241,23,0.9171
13395,241,23,0.9798
13396,241,23,0.9886
13397,241,23,0.9923
13398,241,23,0.9937
13399,241,23,0.9948
13971,242,23,0.1992
13972,242,23,0.0837
13973,242,23,0.4613
14479,243,132,0.7994
14480,243,132,0.9319
14481,243,132,0.9536
14482,243,132,0.9689
14483,243,132,0.3156
14484,243,132,0.8304
14485,243,132,0.7899
13069,240,93,0.7125
13070,240,93,0.5950
13071,240,93,0.6242
13072,240,93,0.7413
13073,240,93,0.9561
13074,240,93,0.5115
13075,240,93,0.8860
13076,240,93,0.9496
13077,240,93,0.9633
13078,240,93,0.9767
13400,241,23,0.8718
13401,241,23,0.8580
13402,241,23,0.5826
13403,241,23,0.9139
13404,241,23,0.9647
13405,241,23,0.9856
13406,241,23,0.9898
13407,241,23,0.9942
13408,241,23,0.9908
13409,241,23,0.9946
13974,242,23,0.3675
14486,243,132,0.9289
14487,243,132,0.9639
14488,243,132,0.9260
14489,243,132,0.6927
14490,243,132,0.8709
14491,243,132,0.9159
13079,240,93,0.3815
13080,240,93,0.2296
13081,240,93,0.7685
13082,240,93,0.9163
13083,240,93,0.9698
13084,240,93,0.9804
13085,240,93,0.9841
13086,240,93,0.9842
13087,240,93,0.9858
13088,240,93,0.9874
13410,241,23,0.5568
13411,241,23,0.3584
13412,241,23,0.5105
13413,241,23,0.6131
13414,241,23,0.9029
13415,241,23,0.9583
13416,241,23,0.9835
13417,241,23,0.9903
13418,241,23,0.9923
13419,241,23,0.9933
13975,242,23,0.3204
13976,242,23,0.9534
13977,242,23,0.9773
13978,242,23,0.9690
13979,242,23,0.7871
13980,242,23,0.6556
13981,242,23,0.1218
13982,242,23,0.8420
13983,242,23,0.9465
13984,242,23,0.9726
14492,243,132,0.1756
14493,243,132,0.7091
13089,240,93,0.8990
13090,240,93,0.9618
13091,240,93,0.9139
13092,240,93,0.7913
13093,240,93,0.9347
13094,240,93,0.6381
13095,240,93,0.7668
13096,240,93,0.8229
13097,240,93,0.9490
13098,240,93,0.9769
13420,241,23,0.7451
13421,241,23,0.7416
13422,241,23,0.5178
13423,241,23,0.9020
13424,241,23,0.9630
13425,241,23,0.9865
13426,241,23,0.9924
13427,241,23,0.9926
13428,241,23,0.9949
13429,241,23,0.9939
13985,242,23,0.1413
13986,242,23,0.8056
13987,242,23,0.5386
13988,242,23,0.2714
13989,242,23,0.3086
13990,242,23,0.7541
13991,242,23,0.8139
13992,242,23,0.8659
13993,242,23,0.7864
13994,242,23,0.8523
14494,243,132,0.8069
14495,243,132,0.9548
14496,243,132,0.9413
14497,243,132,0.9757
14498,243,132,0.9767
14499,243,132,0.9420
14500,243,132,0.1957
14501,243,132,0.6658
13099,240,132,0.5361
13430,241,23,0.8795
13431,241,23,0.5901
13432,241,23,0.5557
13433,241,23,0.8732
13434,241,23,0.9361
13435,241,23,0.9858
13436,241,23,0.9868
13437,241,23,0.9927
13438,241,23,0.9938
13439,241,23,0.9940
13995,242,23,0.8303
13996,242,23,0.2596
13997,242,23,0.5984
13998,242,23,0.8332
13999,242,23,0.8011
14000,242,23,0.8665
14001,242,23,0.7919
14002,242,23,0.8601
14003,242,23,0.8186
14004,242,23,0.8689
14502,243,132,0.8996
14503,243,132,0.9523
14504,243,132,0.8113
14505,243,132,0.7265
14506,243,132,0.0940
14507,243,132,0.4717
13440,241,23,0.7579
13441,241,23,0.6790
13442,241,23,0.5846
13443,241,23,0.8893
13444,241,23,0.9617
13445,241,23,0.9844
13446,241,23,0.9896
13447,241,23,0.9918
13448,241,23,0.9930
13449,241,23,0.9943
14005,242,23,0.3797
14006,242,23,0.9470
14007,242,23,0.0722
14008,242,23,0.9390
14009,242,23,0.9476
14010,242,23,0.3020
14011,242,23,0.7122
14012,242,23,0.8889
14013,242,23,0.9389
14014,242,23,0.7163
14508,243,132,0.8514
14509,243,132,0.2629
14510,243,132,0.3086
14688,244,132,0.7699
14689,244,132,0.9416
14690,244,132,0.5082
14691,244,132,0.9522
14692,244,132,0.9251
14693,244,132,0.8777
14694,244,132,0.7252
14695,244,132,0.1896
14696,244,132,0.8569
14697,244,132,0.3997
13450,241,23,0.1841
13451,241,23,0.2215
13452,241,23,0.3713
13453,241,23,0.7226
13454,241,23,0.7785
13455,241,23,0.8044
13456,241,23,0.8420
13457,241,23,0.8742
13458,241,23,0.9158
13459,241,23,0.9505
14015,242,23,0.7940
14016,242,23,0.1383
14017,242,23,0.5083
14018,242,23,0.7116
14019,242,23,0.8014
14020,242,23,0.8675
14021,242,23,0.8185
14022,242,23,0.1276
14023,242,23,0.3715
14024,242,23,0.5127
14511,243,132,0.9044
14512,243,132,0.9727
14513,243,132,0.9653
14514,243,132,0.9772
14515,243,132,0.8943
14516,243,132,0.8421
14517,243,132,0.0945
14698,244,132,0.1002
13460,241,23,0.4146
13461,241,23,0.2778
13462,241,23,0.7197
13463,241,23,0.9213
13464,241,23,0.9539
13465,241,23,0.9675
13466,241,23,0.9739
13467,241,23,0.9817
13468,241,23,0.9845
13469,241,23,0.9862
14025,242,23,0.4000
14026,242,23,0.3720
14027,242,23,0.8205
14028,242,23,0.9441
14029,242,23,0.9703
14030,242,23,0.9771
14031,242,23,0.9831
14032,242,23,0.9854
14033,242,23,0.9860
14034,242,23,0.9879
14518,243,132,0.7671
14519,243,132,0.9207
14520,243,132,0.4307
14521,243,132,0.9468
14522,243,132,0.9717
14523,243,132,0.9267
14524,243,132,0.9485
14525,243,132,0.9581
14526,243,132,0.9423
14527,243,132,0.9746
14699,244,132,0.8884
14700,244,132,0.9339
14701,244,132,0.8444
13470,241,23,0.3709
13471,241,23,0.5319
13472,241,23,0.7591
13473,241,23,0.9139
13474,241,23,0.9539
13475,241,23,0.9834
13476,241,23,0.9841
13477,241,23,0.9898
13478,241,23,0.9910
13479,241,23,0.9952
14035,242,23,0.7888
14036,242,23,0.9691
14037,242,23,0.9214
14038,242,23,0.5099
14039,242,23,0.0645
14040,242,23,0.1821
14041,242,23,0.8449
14042,242,23,0.9169
14043,242,23,0.9675
14044,242,23,0.9818
14528,243,23,0.9112
14529,243,23,0.4065
14530,243,23,0.5426
14531,243,23,0.8658
14702,244,132,0.1554
14703,244,132,0.9537
13480,241,23,0.1561
13481,241,23,0.7100
13482,241,23,0.8498
13483,241,23,0.9409
13484,241,23,0.9544
13485,241,23,0.9876
13486,241,23,0.9912
13487,241,23,0.9940
13488,241,23,0.9943
13489,241,23,0.9953
14045,242,23,0.9077
14046,242,23,0.8195
14047,242,23,0.7989
14048,242,23,0.3488
14049,242,23,0.7634
14050,242,23,0.3187
14051,242,23,0.8388
14052,242,23,0.9248
14053,242,23,0.9490
14054,242,23,0.9682
14532,243,23,0.8722
14533,243,23,0.4123
14534,243,23,0.7158
14535,243,23,0.9537
14536,243,23,0.1550
14537,243,23,0.4865
14538,243,23,0.7921
14539,243,23,0.4450
14540,243,23,0.5249
14541,243,23,0.6874
14704,244,132,0.8915
14705,244,132,0.9322
14706,244,132,0.0479
14707,244,132,0.7509
13490,241,23,0.8998
13491,241,23,0.4503
13492,241,23,0.9491
13493,241,23,0.7098
13494,241,23,0.5942
13495,241,23,0.8902
13496,241,23,0.9558
13497,241,23,0.9874
13498,241,23,0.9898
13499,241,23,0.9943
14055,242,23,0.2402
14056,242,23,0.5453
14057,242,23,0.8825
14058,242,23,0.9459
14059,242,23,0.9794
14060,242,23,0.9881
14061,242,23,0.9905
14062,242,23,0.9931
14063,242,23,0.9931
14064,242,23,0.9953
14542,243,23,0.8349
14543,243,23,0.7942
14708,244,132,0.8534
14709,244,132,0.6847
14710,244,132,0.1975
13500,241,23,0.6228
13501,241,23,0.5996
13502,241,23,0.5255
13503,241,23,0.9068
13504,241,23,0.9686
13505,241,23,0.9867
13506,241,23,0.9931
13507,241,23,0.9842
13508,241,23,0.9942
13509,241,23,0.9926
14065,242,23,0.8828
14066,242,23,0.4316
14067,242,23,0.0615
14068,242,23,0.5701
14069,242,23,0.7724
14070,242,23,0.8484
14071,242,23,0.8054
14072,242,23,0.8744
14073,242,23,0.8122
14074,242,23,0.8627
14544,243,23,0.9279
14545,243,23,0.6078
14711,244,132,0.7650
14712,244,132,0.8954
14713,244,132,0.9715
14714,244,132,0.9772
14715,244,132,0.9053
14716,244,132,0.8140
14717,244,132,0.4865
14718,244,132,0.4874
13510,241,23,0.5037
13511,241,23,0.7221
13512,241,23,0.6307
13513,241,23,0.3291
13514,241,23,0.8639
13515,241,23,0.9326
13516,241,23,0.9727
13517,241,23,0.9803
13518,241,23,0.9845
13519,241,23,0.9894
14075,242,23,0.6692
14076,242,23,0.5230
14077,242,23,0.7355
14078,242,23,0.9472
14079,242,23,0.2362
14080,242,23,0.7505
14081,242,23,0.8935
14082,242,23,0.9606
14083,242,23,0.9839
14084,242,23,0.9897
14546,243,23,0.9298
14547,243,23,0.9728
14548,243,23,0.5621
14549,243,23,0.6093
14550,243,23,0.0635
14551,243,23,0.6336
14552,243,23,0.9476
14553,243,23,0.0251
14554,243,23,0.1789
14719,244,132,0.1605
14720,244,132,0.7030
13520,241,23,0.8253
13521,241,23,0.9457
13522,241,23,0.2363
13523,241,23,0.5502
13524,241,23,0.6859
13525,241,23,0.9206
13526,241,23,0.9742
13527,241,23,0.9830
13528,241,23,0.9896
13529,241,23,0.9934
14085,242,23,0.4773
14086,242,23,0.9084
14087,242,23,0.5678
14088,242,23,0.6874
14089,242,23,0.9158
14090,242,23,0.8434
14091,242,23,0.6900
14092,242,23,0.5326
14093,242,23,0.4500
14094,242,23,0.8812
14555,243,23,0.7157
14556,243,23,0.5818
14721,244,132,0.0942
13530,241,23,0.8165
13531,241,23,0.9423
13532,241,23,0.4980
13533,241,23,0.9310
13534,241,23,0.9673
13535,241,23,0.9875
13536,241,23,0.9897
13537,241,23,0.9918
13538,241,23,0.9921
13539,241,23,0.9942
14095,242,23,0.3758
14096,242,23,0.5614
14097,242,23,0.5086
14098,242,23,0.8951
14099,242,23,0.9461
14100,242,23,0.9742
14101,242,23,0.9877
14102,242,23,0.9910
14103,242,23,0.9924
14104,242,23,0.9944
14557,243,23,0.9177
14558,243,23,0.9140
14559,243,23,0.9090
14560,243,23,0.1276
14561,243,23,0.9167
14562,243,23,0.7040
14563,243,23,0.6865
14564,243,23,0.3631
14565,243,23,0.2350
14566,243,23,0.8750
14722,244,132,0.4525
14723,244,132,0.7038
13540,241,23,0.8234
13541,241,23,0.6203
13542,241,23,0.6279
13543,241,23,0.8862
13544,241,23,0.9372
13545,241,23,0.9746
13546,241,23,0.9923
13547,241,23,0.9890
13548,241,23,0.9923
13549,241,23,0.2366
14105,242,23,0.8960
14106,242,23,0.6097
14107,242,23,0.1772
14108,242,23,0.7469
14109,242,23,0.2359
14110,242,23,0.9244
14111,242,23,0.9637
14112,242,23,0.9683
14113,242,23,0.9771
14114,242,23,0.9820
14567,243,23,0.3817
14568,243,23,0.9319
14569,243,23,0.9411
14570,243,23,0.3211
14571,243,23,0.9600
14572,243,23,0.9744
14573,243,23,0.8758
14574,243,23,0.9379
14575,243,23,0.8856
14724,244,132,0.3599
14725,244,132,0.6876
14726,244,132,0.5728
13550,241,23,0.4111
13551,241,23,0.5128
13552,241,23,0.7495
13553,241,23,0.8953
13554,241,23,0.9689
13555,241,23,0.9884
13556,241,23,0.9918
13557,241,23,0.9933
13558,241,23,0.9944
13559,241,23,0.9951
14115,242,23,0.3667
14116,242,23,0.8386
14117,242,23,0.2608
14118,242,23,0.8716
14119,242,23,0.9240
14120,242,23,0.9656
14121,242,23,0.9808
14122,242,23,0.9803
14123,242,23,0.9878
14124,242,23,0.9865
14576,243,107,0.7840
14577,243,107,0.9434
14578,243,107,0.9672
14579,243,107,0.9301
14580,243,107,0.5667
14581,243,107,0.9555
14582,243,107,0.9459
14583,243,107,0.9595
14584,243,107,0.9613
14727,244,132,0.4562
14728,244,132,0.9495
14729,244,132,0.9771
14730,244,132,0.9696
14731,244,132,0.3612
14732,244,132,0.9029
13560,241,23,0.7534
13561,241,23,0.7227
13562,241,23,0.1983
13563,241,23,0.8659
13564,241,23,0.9244
13565,241,23,0.9578
13566,241,23,0.9702
13567,241,23,0.9797
13568,241,23,0.9855
13569,241,23,0.9858
14125,242,23,0.6740
14126,242,23,0.9407
14127,242,23,0.8183
14128,242,23,0.7073
14129,242,23,0.7821
14130,242,23,0.3825
14131,242,23,0.8405
14132,242,23,0.9361
14133,242,23,0.9719
14134,242,23,0.9866
14585,243,43,0.8923
14586,243,43,0.5166
14587,243,43,0.9281
14588,243,43,0.8632
14589,243,43,0.9212
14590,243,43,0.9256
14591,243,43,0.9723
14592,243,43,0.8740
14593,243,43,0.9639
14733,244,132,0.7842
14734,244,132,0.7495
14735,244,132,0.9393
14736,244,132,0.8206
13570,241,23,0.9218
13571,241,23,0.4090
13572,241,23,0.7025
13573,241,23,0.9081
13574,241,23,0.9626
13575,241,23,0.9789
13576,241,23,0.9838
13577,241,23,0.9856
13578,241,23,0.9873
13579,241,23,0.9873
14135,242,23,0.6048
14136,242,23,0.6226
14137,242,23,0.5037
14138,242,23,0.9250
14139,242,23,0.8867
14140,242,23,0.9139
14141,242,23,0.9783
14142,242,23,0.9902
14143,242,23,0.9922
14144,242,23,0.9938
14594,243,17,0.9085
14595,243,17,0.7414
14596,243,17,0.8587
14597,243,17,0.9037
14598,243,17,0.9086
14599,243,17,0.8987
14600,243,17,0.7608
14601,243,17,0.7750
14602,243,17,0.9462
14603,243,17,0.2641
14737,244,132,0.8637
14738,244,132,0.5192
14739,244,132,0.3292
13580,241,23,0.6474
13581,241,23,0.0344
13582,241,23,0.4652
13583,241,23,0.2613
13584,241,23,0.8095
13585,241,23,0.5615
13586,241,23,0.4512
13587,241,23,0.8761
13588,241,23,0.9442
13589,241,23,0.9589
14145,242,23,0.4379
14146,242,23,0.7161
14147,242,23,0.8912
14148,242,23,0.9708
14149,242,23,0.6556
14150,242,23,0.1607
14151,242,23,0.8361
14152,242,23,0.4859
14153,242,23,0.9067
14154,242,23,0.9587
14604,243,17,0.2866
14605,243,17,0.5862
14740,244,132,0.9183
14741,244,132,0.7189
14742,244,132,0.9443
14743,244,132,0.9526
14744,244,132,0.7700
13590,241,23,0.5957
14155,242,23,0.4961
14156,242,23,0.6604
14157,242,23,0.9255
14158,242,23,0.9638
14159,242,23,0.9888
14160,242,23,0.9917
14161,242,23,0.9937
14162,242,23,0.9940
14163,242,23,0.9942
14164,242,23,0.9955
14606,243,17,0.5894
14607,243,17,0.9474
14608,243,17,0.4153
14609,243,17,0.7405
14610,243,17,0.9645
14611,243,17,0.5550
14612,243,17,0.7967
14613,243,17,0.5088
14614,243,17,0.9484
14615,243,17,0.9770
14745,244,132,0.8469
14746,244,132,0.9436
14747,244,132,0.8886
14748,244,132,0.9739
14749,244,132,0.9746
14750,244,132,0.9457
14751,244,132,0.9713
14752,244,132,0.9503
14753,244,132,0.9591
14754,244,132,0.8749
13591,241,23,0.0896
13592,241,23,0.6430
13593,241,23,0.7926
13594,241,23,0.9457
13595,241,23,0.9808
13596,241,23,0.9909
13597,241,23,0.9927
13598,241,23,0.9935
13599,241,23,0.9946
13600,241,23,0.9966
14165,242,23,0.1233
14166,242,23,0.8328
14167,242,23,0.9486
14168,242,23,0.9742
14169,242,23,0.9862
14170,242,23,0.9905
14171,242,23,0.9906
14172,242,23,0.9929
14173,242,23,0.9936
14174,242,23,0.9946
14616,243,17,0.6816
14617,243,17,0.8877
14618,243,17,0.8929
14619,243,17,0.7764
14620,243,17,0.8951
14621,243,17,0.7194
14622,243,17,0.5344
14623,243,17,0.8290
14624,243,17,0.6430
14625,243,17,0.8645
14755,244,23,0.9091
14756,244,23,0.0260
13601,241,23,0.8298
13602,241,23,0.9713
13603,241,23,0.8970
13604,241,23,0.7699
13605,241,23,0.1382
13606,241,23,0.5860
13607,241,23,0.4044
13608,241,23,0.9292
13609,241,23,0.4483
13610,241,23,0.8409
14175,242,23,0.2951
14176,242,23,0.2899
14177,242,23,0.1913
14178,242,23,0.4812
14179,242,23,0.4817
14180,242,23,0.8751
14181,242,23,0.9469
14182,242,23,0.9651
14183,242,23,0.9792
14184,242,23,0.9823
14626,243,17,0.8686
14627,243,17,0.8793
14628,243,17,0.5677
14629,243,17,0.7910
14630,243,17,0.8498
14631,243,17,0.9296
14632,243,17,0.3898
14633,243,17,0.8112
14634,243,17,0.9651
14635,243,17,0.9807
14757,244,23,0.9026
14758,244,23,0.6587
14759,244,23,0.6652
14760,244,23,0.7213
14761,244,23,0.9622
14762,244,23,0.6025
14763,244,23,0.5679
14764,244,23,0.0971
14765,244,23,0.6212
14766,244,23,0.5645
13611,241,23,0.3825
13612,241,23,0.8445
13613,241,23,0.0762
13614,241,23,0.9205
13615,241,23,0.9065
13616,241,23,0.9614
13617,241,23,0.9708
13618,241,23,0.9791
13619,241,23,0.9828
13620,241,23,0.9883
14185,242,23,0.8403
14186,242,23,0.4040
14187,242,23,0.8961
14188,242,23,0.9411
14189,242,23,0.9567
14190,242,23,0.9701
14191,242,23,0.9774
14192,242,23,0.9840
14193,242,23,0.9858
14194,242,23,0.9869
14636,243,17,0.6446
14637,243,17,0.7311
14767,244,23,0.8385
14768,244,23,0.8238
14769,244,23,0.9728
14770,244,23,0.5072
14771,244,23,0.5455
14772,244,23,0.1778
13621,241,23,0.1490
13622,241,23,0.7509
13623,241,23,0.4259
13624,241,23,0.9392
13625,241,23,0.1744
13626,241,23,0.8472
13627,241,23,0.9665
13628,241,23,0.8958
13629,241,23,0.4537
13630,241,23,0.4443
14195,242,23,0.4552
14196,242,23,0.7657
14197,242,23,0.7248
14198,242,23,0.4276
14199,242,23,0.8464
14200,242,23,0.5338
14201,242,23,0.4411
14202,242,23,0.8774
14203,242,23,0.3806
14204,242,23,0.8363
14638,243,17,0.6164
14639,243,17,0.7956
14640,243,17,0.4169
14641,243,17,0.6206
14642,243,17,0.9034
14643,243,17,0.9625
14644,243,17,0.9796
14645,243,17,0.9843
14646,243,17,0.9854
14647,243,17,0.9871
14773,244,23,0.6725
14774,244,23,0.4086
14775,244,23,0.5562
14776,244,23,0.7167
14777,244,23,0.0392
13631,241,23,0.1691
13632,241,23,0.8985
13633,241,23,0.5405
13634,241,23,0.9387
13635,241,23,0.9122
13636,241,23,0.8643
13637,241,23,0.9005
13638,241,23,0.9058
13639,241,23,0.9453
14205,242,107,0.3837
14206,242,107,0.9346
14207,242,107,0.9257
14208,242,107,0.6604
14209,242,107,0.9420
14210,242,107,0.9738
14211,242,107,0.9464
14212,242,107,0.9281
14213,242,107,0.5681
14648,243,17,0.2048
14649,243,17,0.3655
14650,243,17,0.8728
14651,243,17,0.9338
14652,243,17,0.9049
14653,243,17,0.9522
14654,243,17,0.9685
14655,243,17,0.9763
14656,243,17,0.9832
14657,243,17,0.9839
14778,244,23,0.5536
14779,244,23,0.8672
14780,244,23,0.9358
14781,244,23,0.0871
14782,244,23,0.3882
14783,244,23,0.8678
14784,244,23,0.6365
14785,244,23,0.6357
13640,241,107,0.7938
13641,241,107,0.7327
13642,241,107,0.8970
13643,241,107,0.9413
13644,241,107,0.9726
13645,241,107,0.9387
13646,241,107,0.6012
13647,241,107,0.7821
13648,241,107,0.9502
13649,241,107,0.9349
14214,242,43,0.9334
14215,242,43,0.9387
14216,242,43,0.3303
14217,242,43,0.8244
14218,242,43,0.5426
14219,242,43,0.9542
14220,242,43,0.9765
14221,242,43,0.9813
14222,242,43,0.8173
14658,243,17,0.4344
14659,243,17,0.7145
14660,243,17,0.5517
14786,244,23,0.8666
14787,244,23,0.5944
14788,244,23,0.6669
13650,241,43,0.8618
13651,241,43,0.4149
13652,241,43,0.8096
13653,241,43,0.9461
13654,241,43,0.9398
13655,241,43,0.9603
13656,241,43,0.5298
13657,241,43,0.7448
13658,241,43,0.6723
13659,241,43,0.5280
14223,242,17,0.5804
14224,242,17,0.4401
14225,242,17,0.8602
14226,242,17,0.3967
14227,242,17,0.9240
14228,242,17,0.9686
14229,242,17,0.9732
14230,242,17,0.9828
14231,242,17,0.9852
14232,242,17,0.9868
14661,243,17,0.7907
14662,243,17,0.3640
14663,243,17,0.5679
14664,243,17,0.9499
14665,243,17,0.0231
14789,244,23,0.8475
14790,244,23,0.1013
14791,244,23,0.3559
13660,241,43,0.9151
13661,241,43,0.9734
13662,241,43,0.4581
13663,241,43,0.9539
13664,241,43,0.9747
13665,241,43,0.5428
13666,241,43,0.9587
13667,241,43,0.3813
13668,241,43,0.8577
13669,241,43,0.7159
14233,242,17,0.8477
14234,242,17,0.9734
14235,242,17,0.5532
14236,242,17,0.3216
14237,242,17,0.4203
14238,242,17,0.7252
14239,242,17,0.8900
14240,242,17,0.7837
14241,242,17,0.8376
14242,242,17,0.9435
14666,243,17,0.8903
14667,243,17,0.7464
14668,243,17,0.5535
14792,244,23,0.9299
14793,244,23,0.9753
14794,244,23,0.5905
14795,244,23,0.4656
13670,241,17,0.8461
13671,241,17,0.8896
13672,241,17,0.6291
13673,241,17,0.8221
13674,241,17,0.8008
13675,241,17,0.5894
13676,241,17,0.9410
13677,241,17,0.9694
13678,241,17,0.9864
13679,241,17,0.9887
14243,242,17,0.4760
14244,242,17,0.9531
14245,242,17,0.9665
14246,242,17,0.9799
14247,242,17,0.5856
14248,242,17,0.6707
14249,242,17,0.7734
14250,242,17,0.9051
14251,242,17,0.9628
14252,242,17,0.9756
14669,243,17,0.9169
14670,243,17,0.5618
14671,243,17,0.9483
14672,243,17,0.9269
14673,243,17,0.9753
14674,243,17,0.9790
14675,243,17,0.9818
14676,243,17,0.5760
14677,243,17,0.9620
14796,244,23,0.7366
14797,244,23,0.5939
13680,241,17,0.8720
13681,241,17,0.4011
13682,241,17,0.5460
13683,241,17,0.7670
13684,241,17,0.8291
13685,241,17,0.9707
13686,241,17,0.9797
13687,241,17,0.4255
13688,241,17,0.4793
13689,241,17,0.9193
14253,242,17,0.7919
14254,242,17,0.9684
14255,242,17,0.9009
14256,242,17,0.8764
14257,242,17,0.4128
14258,242,17,0.1508
14259,242,17,0.7749
14260,242,17,0.6251
14261,242,17,0.7745
14262,242,17,0.9503
14678,243,93,0.9188
14679,243,93,0.6313
14680,243,93,0.8678
14681,243,93,0.9335
14682,243,93,0.9601
14683,243,93,0.8434
14684,243,93,0.9551
14685,243,93,0.7570
14686,243,93,0.9666
14687,243,93,0.6268
14798,244,23,0.8174
14799,244,23,0.7862
14800,244,23,0.8819
14801,244,23,0.9628
14802,244,23,0.9449
14803,244,23,0.9589
14804,244,23,0.9386
14805,244,23,0.6139
14806,244,23,0.6361
14807,244,23,0.5686
13690,241,93,0.5368
13691,241,93,0.5978
13692,241,93,0.8810
13693,241,93,0.3641
13694,241,93,0.9305
13695,241,93,0.0382
13696,241,93,0.5698
13697,241,93,0.9447
13698,241,93,0.9735
13699,241,93,0.9806
14263,242,17,0.8644
14264,242,17,0.9706
14265,242,17,0.1145
14266,242,17,0.8053
14267,242,17,0.9346
14268,242,17,0.9581
14269,242,17,0.9248
14270,242,17,0.9730
14271,242,17,0.9810
14272,242,17,0.9847
14808,244,23,0.5520
14809,244,23,0.0797
14810,244,23,0.7385
14811,244,23,0.9604
14812,244,23,0.5725
13700,241,93,0.2779
13701,241,93,0.7205
13702,241,93,0.3229
13703,241,93,0.7596
13704,241,93,0.8617
13705,241,93,0.8039
13706,241,93,0.3238
13707,241,93,0.8375
13708,241,93,0.8623
13709,241,93,0.8317
14273,242,17,0.8745
14274,242,17,0.7371
14275,242,17,0.3363
14276,242,17,0.8826
14277,242,17,0.8798
14278,242,17,0.9615
14279,242,17,0.9058
14280,242,17,0.9801
14281,242,17,0.9924
14282,242,17,0.9875
14813,244,23,0.9089
14814,244,23,0.3959
14815,244,23,0.3921
14816,244,23,0.8970
14817,244,23,0.5051
14818,244,23,0.1792
13710,241,93,0.9004
13711,241,93,0.7016
13712,241,93,0.9504
13713,241,93,0.5858
13714,241,93,0.9614
13715,241,93,0.7946
13716,241,93,0.9077
13717,241,93,0.9391
13718,241,93,0.6597
13719,241,93,0.9431
14283,242,17,0.6061
14284,242,17,0.1189
14285,242,17,0.5690
14286,242,17,0.7554
14287,242,17,0.9123
14288,242,17,0.8673
14289,242,17,0.9660
14290,242,17,0.9811
14291,242,17,0.9845
14292,242,17,0.9869
14819,244,23,0.5577
14820,244,23,0.3082
14821,244,23,0.9343
14822,244,23,0.5765
14293,242,17,0.7841
14294,242,17,0.3985
14295,242,17,0.8811
14296,242,17,0.9686
14297,242,17,0.9795
14298,242,17,0.9838
14299,242,17,0.9862
14300,242,17,0.9869
14301,242,17,0.9869
14302,242,17,0.9878
14823,244,23,0.8986
14824,244,23,0.6256
14825,244,23,0.8328
14303,242,17,0.4021
14304,242,17,0.6093
14305,242,17,0.3839
14306,242,17,0.8893
14307,242,17,0.9301
14308,242,17,0.9783
14309,242,17,0.9776
14310,242,17,0.9919
14311,242,17,0.9916
14312,242,17,0.9953
14826,244,23,0.9010
14827,244,23,0.8565
14828,244,23,0.9707
14829,244,23,0.6263
14830,244,23,0.1283
14313,242,17,0.9680
14314,242,17,0.9720
14315,242,17,0.4615
14316,242,17,0.9536
14317,242,17,0.9676
14318,242,17,0.8393
14319,242,17,0.9693
14320,242,17,0.1166
14321,242,17,0.3336
14322,242,17,0.8684
14831,244,23,0.1817
14832,244,23,0.1023
14833,244,23,0.4781
14834,244,23,0.6065
14835,244,23,0.8665
14836,244,23,0.9703
14837,244,23,0.6613
14323,242,17,0.2712
14324,242,17,0.6070
14325,242,17,0.7279
14326,242,17,0.9426
14327,242,17,0.9576
14328,242,17,0.9903
14329,242,17,0.9922
14330,242,17,0.9942
14331,242,17,0.9946
14332,242,17,0.9954
14838,244,23,0.4899
14839,244,23,0.9525
14840,244,23,0.9198
14841,244,23,0.8074
14842,244,23,0.5967
14843,244,23,0.7190
14333,242,17,0.2064
14334,242,17,0.3183
14335,242,17,0.3843
14336,242,17,0.2561
14337,242,17,0.3567
14338,242,17,0.4646
14339,242,17,0.7828
14340,242,17,0.8084
14341,242,17,0.8256
14342,242,17,0.1988
14844,244,23,0.3016
14845,244,23,0.7547
14343,242,17,0.8205
14344,242,17,0.9630
14345,242,17,0.7097
14346,242,17,0.7504
14347,242,17,0.7747
14348,242,17,0.9141
14349,242,17,0.9694
14350,242,17,0.9812
14351,242,17,0.9847
14352,242,17,0.9866
14846,244,23,0.9262
14847,244,23,0.9575
14848,244,23,0.5777
14353,242,17,0.6975
14354,242,17,0.7619
14355,242,17,0.2786
14356,242,17,0.6810
14357,242,17,0.8428
14358,242,17,0.6029
14359,242,17,0.1215
14360,242,17,0.8123
14361,242,17,0.9369
14362,242,17,0.9652
14849,244,23,0.9103
14850,244,23,0.7598
14363,242,17,0.3922
14364,242,17,0.9540
14365,242,17,0.8412
14366,242,17,0.3266
14367,242,17,0.7825
14368,242,17,0.7316
14369,242,17,0.9349
14370,242,17,0.3250
14371,242,17,0.9312
14372,242,17,0.5115
14851,244,23,0.6043
14852,244,23,0.3128
14853,244,23,0.8940
14854,244,23,0.9019
14855,244,23,0.8153
14856,244,23,0.9703
14857,244,23,0.3859
14858,244,23,0.9156
14373,242,17,0.8126
14374,242,17,0.7716
14375,242,17,0.6141
14376,242,17,0.6879
14377,242,17,0.8619
14378,242,17,0.8278
14379,242,17,0.8292
14380,242,17,0.9578
14381,242,17,0.9827
14382,242,17,0.9923
14859,244,23,0.7838
14860,244,23,0.5102
14861,244,23,0.3361
14862,244,23,0.7410
14383,242,17,0.9123
14384,242,17,0.9030
14385,242,17,0.4031
14386,242,17,0.8514
14387,242,17,0.9411
14388,242,17,0.9654
14389,242,17,0.9789
14390,242,17,0.9830
14391,242,17,0.9859
14392,242,17,0.9872
14863,244,23,0.5055
14864,244,23,0.5686
14393,242,17,0.8553
14394,242,17,0.4512
14395,242,17,0.9490
14396,242,17,0.4194
14397,242,17,0.8232
14398,242,17,0.8458
14399,242,17,0.2352
14400,242,17,0.9232
14401,242,17,0.9744
14402,242,17,0.9811
14865,244,23,0.9042
14866,244,23,0.9684
14867,244,23,0.8525
14868,244,23,0.8738
14869,244,23,0.9690
14870,244,23,0.9159
14871,244,23,0.2325
14403,242,17,0.4238
14404,242,17,0.3422
14405,242,17,0.8613
14406,242,17,0.9289
14407,242,17,0.9672
14408,242,17,0.9790
14409,242,17,0.9825
14410,242,17,0.9851
14411,242,17,0.9856
14412,242,17,0.9870
14872,244,23,0.6984
14873,244,23,0.9440
14874,244,23,0.4891
14875,244,23,0.9124
14876,244,23,0.9480
14877,244,23,0.9763
14878,244,23,0.3888
14879,244,23,0.7789
14880,244,23,0.9555
14881,244,23,0.0530
14413,242,17,0.9542
14414,242,17,0.9763
14415,242,17,0.9807
14416,242,17,0.2779
14417,242,17,0.9115
14418,242,17,0.3095
14419,242,17,0.3436
14420,242,17,0.4667
14421,242,17,0.9262
14422,242,17,0.2777
14882,244,23,0.6055
14883,244,23,0.5603
14423,242,17,0.8840
14424,242,17,0.9720
14425,242,17,0.9507
14426,242,17,0.6818
14427,242,17,0.9669
14428,242,17,0.9774
14429,242,17,0.4745
14430,242,17,0.9709
14431,242,17,0.9462
14884,244,23,0.7973
14885,244,23,0.7230
14886,244,23,0.0841
14887,244,23,0.9063
14888,244,23,0.9209
14889,244,23,0.9707
14890,244,23,0.7237
14891,244,23,0.9657
14892,244,23,0.9795
14893,244,23,0.9816
14432,242,93,0.4602
14433,242,93,0.4541
14434,242,93,0.8424
14435,242,93,0.8942
14436,242,93,0.8025
14437,242,93,0.4013
14438,242,93,0.9073
14439,242,93,0.9670
14440,242,93,0.9743
14441,242,93,0.9818
14894,244,23,0.4112
14895,244,23,0.9107
14896,244,23,0.9274
14897,244,23,0.9654
14898,244,23,0.9782
14899,244,23,0.9838
14900,244,23,0.9853
14901,244,23,0.9859
14902,244,23,0.9877
14903,244,23,0.9883
14442,242,93,0.6882
14443,242,93,0.9189
14444,242,93,0.9168
14445,242,93,0.6947
14446,242,93,0.9663
14447,242,93,0.1809
14448,242,93,0.9512
14449,242,93,0.9296
14450,242,93,0.9737
14451,242,93,0.4686
14904,244,23,0.8894
14905,244,23,0.7823
14906,244,23,0.4653
14452,242,23,0.9397
14453,242,23,0.3150
14907,244,23,0.6127
14908,244,23,0.6170
14909,244,23,0.2903
14910,244,23,0.9219
14911,244,23,0.4218
14912,244,23,0.9548
14913,244,23,0.9742
14914,244,23,0.9807
14915,244,23,0.4899
14916,244,23,0.6098
14917,244,23,0.8630
14918,244,23,0.8737
14919,244,23,0.4072
14920,244,23,0.6120
14921,244,23,0.5356
14922,244,23,0.0878
14923,244,23,0.6905
14924,244,23,0.7828
14925,244,23,0.8250
14926,244,23,0.7964
14927,244,23,0.8507
14928,244,23,0.8237
14929,244,23,0.8651
14930,244,23,0.7688
14931,244,23,0.7529
14932,244,23,0.6632
14933,244,23,0.8586
14934,244,23,0.7873
14935,244,23,0.1352
14936,244,23,0.3798
14937,244,23,0.4621
14938,244,23,0.7636
14939,244,23,0.2130
14940,244,23,0.4121
14941,244,23,0.1156
14942,244,23,0.1457
14943,244,23,0.3375
14944,244,23,0.3711
14945,244,23,0.7580
14946,244,23,0.3295
14947,244,23,0.6341
14948,244,23,0.3462
14949,244,23,0.7175
14950,244,23,0.2124
14951,244,23,0.4288
14952,244,23,0.7890
14953,244,23,0.5593
14954,244,23,0.7833
14955,244,23,0.8322
14956,244,23,0.7139
14957,244,23,0.4988
14958,244,23,0.6579
14959,244,23,0.5725
14960,244,23,0.5298
14961,244,23,0.6713
14962,244,23,0.4047
14963,244,23,0.5416
14964,244,23,0.5501
14965,244,23,0.1158
14966,244,23,0.8952
14967,244,23,0.9461
14968,244,23,0.0239
14969,244,23,0.4753
14970,244,23,0.9106
14971,244,23,0.8667
14972,244,23,0.8910
14973,244,23,0.9731
14974,244,23,0.6852
14975,244,23,0.2431
14976,244,23,0.9439
14977,244,23,0.6219
14978,244,23,0.4353
14979,244,23,0.6300
14980,244,23,0.2889
14981,244,23,0.1156
14982,244,23,0.8246
14983,244,23,0.8933
14984,244,23,0.5631
14985,244,23,0.9492
14986,244,23,0.8365
14987,244,23,0.6310
14988,244,23,0.9027
14989,244,23,0.6508
14990,244,23,0.8544
14991,244,23,0.8687
14992,244,23,0.8559
14993,244,23,0.8177
14994,244,23,0.6189
14995,244,23,0.5652
14996,244,23,0.9483
14997,244,23,0.2760
14998,244,23,0.3991
14999,244,23,0.6090
15000,244,23,0.7860
15001,244,23,0.9067
15002,244,23,0.6972
15003,244,23,0.8801
15004,244,23,0.9716
15005,244,23,0.5945
15006,244,23,0.3268
15007,244,23,0.7103
15008,244,23,0.8986
15009,244,23,0.9428
15010,244,23,0.9725
15011,244,23,0.0300
15012,244,23,0.9418
15013,244,23,0.9067
15014,244,23,0.5165
15015,244,23,0.6300
15016,244,23,0.8334
15017,244,23,0.9074
15018,244,23,0.0250
15019,244,23,0.6664
15020,244,23,0.7048
15021,244,23,0.2294
15022,244,23,0.9363
15023,244,23,0.6605
15024,244,23,0.5422
15025,244,23,0.9328
15026,244,23,0.6482
15027,244,23,0.8623
15028,244,23,0.3246
15029,244,23,0.1237
15030,244,23,0.0793
15031,244,23,0.9699
15032,244,23,0.7244
15033,244,23,0.3730
15034,244,23,0.5927
15035,244,23,0.9216
15036,244,23,0.7672
15037,244,23,0.9286
15038,244,23,0.9720
15039,244,23,0.8730
15040,244,23,0.4619
15041,244,23,0.4143
15042,244,23,0.6963
15043,244,23,0.4843
15044,244,23,0.6790
15045,244,23,0.6158
15046,244,23,0.4463
15047,244,23,0.6264
15048,244,23,0.8872
15049,244,23,0.8743
15050,244,23,0.9282
15051,244,23,0.9730
15052,244,23,0.6657
15053,244,23,0.6174
15054,244,23,0.8080
15055,244,23,0.9089
15056,244,23,0.9667
15057,244,23,0.5924
15058,244,107,0.9328
15059,244,107,0.9457
15060,244,107,0.0585
15061,244,107,0.7849
15062,244,107,0.6087
15063,244,107,0.9336
15064,244,107,0.9714
15065,244,107,0.7304
15066,244,107,0.9561
15067,244,107,0.9548
15068,244,43,0.8259
15069,244,43,0.8323
15070,244,43,0.2043
15071,244,43,0.6454
15072,244,43,0.8706
15073,244,43,0.8887
15074,244,43,0.9435
15075,244,43,0.9324
15076,244,43,0.8520
15077,244,43,0.0349
15078,244,23,0.2871
15079,244,43,0.9043
15080,244,43,0.9681
15081,244,43,0.2074
15082,244,43,0.5980
15083,244,43,0.4646
15084,244,43,0.7803
15085,244,43,0.5298
15086,244,43,0.9130
15087,244,43,0.8661
15088,244,43,0.7794
15089,244,43,0.4063
15090,244,43,0.7530
15091,244,43,0.7964
15092,244,43,0.8489
15093,244,43,0.7369
15094,244,43,0.8825
15095,244,43,0.3653
15096,244,43,0.2558
15097,244,43,0.5217
15098,244,43,0.8780
15099,244,43,0.7479
15100,244,43,0.9386
15101,244,43,0.8104
15102,244,43,0.6239
15103,244,43,0.4650
15104,244,43,0.3394
15105,244,43,0.4022
15106,244,43,0.4570
15107,244,43,0.1544
15108,244,43,0.2482
15109,244,43,0.9114
15110,244,43,0.9727
15111,244,43,0.9727
15112,244,43,0.0750
15113,244,43,0.0344
15114,244,43,0.8787
15115,244,43,0.9360
15116,244,43,0.3972
15117,244,43,0.9331
15118,244,43,0.8845
15119,244,17,0.9040
15120,244,17,0.9017
15121,244,17,0.4481
15122,244,17,0.0822
15123,244,17,0.4947
15124,244,17,0.5634
15125,244,17,0.8421
15126,244,17,0.2897
15127,244,17,0.3406
15128,244,17,0.5134
15129,244,17,0.7861
15130,244,17,0.2767
15131,244,17,0.3852
15132,244,17,0.2546
15133,244,17,0.8529
15134,244,17,0.3979
15135,244,17,0.2679
15136,244,17,0.2907
15137,244,17,0.6527
15138,244,17,0.8782
15139,244,17,0.5779
15140,244,17,0.3994
15141,244,17,0.3497
15142,244,17,0.5579
15143,244,17,0.5121
15144,244,17,0.9025
15145,244,17,0.9735
15146,244,17,0.5736
15147,244,17,0.8663
15148,244,17,0.3224
15149,244,17,0.7141
15150,244,17,0.9203
15151,244,17,0.5742
15152,244,17,0.7531
15153,244,17,0.8181
15154,244,93,0.3501
15155,244,93,0.7480
15156,244,93,0.6438
15157,244,93,0.8534
15158,244,93,0.8126
15159,244,93,0.7520
15160,244,93,0.6499
15161,244,93,0.8772
15162,244,93,0.2723
15163,244,93,0.6220
15164,244,93,0.8269
15165,244,93,0.9354
15166,244,132,0.9545
15167,244,132,0.9367
15168,244,132,0.9722
15169,244,132,0.9780
15170,244,132,0.9819
15171,244,132,0.9746
15172,244,132,0.7423
15173,244,132,0.9272
15174,244,132,0.2718
15175,244,132,0.5727
15176,244,132,0.8672
15177,244,132,0.2286
15178,244,132,0.9588
15179,244,132,0.9444
15180,244,132,0.9751
15181,244,132,0.9798
15182,244,132,0.9764
15183,244,132,0.9563
15184,244,132,0.4122
15185,244,132,0.9498
15186,244,23,0.4159
15187,244,23,0.6302
15188,244,23,0.9123
15189,244,23,0.9695
15190,244,23,0.5314
15191,244,23,0.5000
15192,244,23,0.6777
15193,244,23,0.1485
15194,244,23,0.9364
15195,244,23,0.9764
15196,244,23,0.6246
15197,244,23,0.4106
15198,244,23,0.7304
15199,244,23,0.9208
15200,244,23,0.9727
15201,244,23,0.9800
15202,244,23,0.3354
15203,244,23,0.9207
15204,244,23,0.9725
15205,244,23,0.9751
15206,244,23,0.6793
15207,244,23,0.6370
15208,244,23,0.1108
15209,244,23,0.9220
15210,244,23,0.6398
15211,244,23,0.9629
15212,244,23,0.2944
15213,244,23,0.5706
15214,244,23,0.4369
15215,244,23,0.8430
15216,244,23,0.0742
15217,244,23,0.8579
15218,244,23,0.5889
15219,244,23,0.8453
15220,244,23,0.7810
15221,244,23,0.6467
15222,244,23,0.6687
15223,244,23,0.8069
15224,244,23,0.7253
15225,244,23,0.8151
15226,244,23,0.2375
15227,244,23,0.9290
15228,244,23,0.9737
15229,244,23,0.8087
15230,244,23,0.4367
15231,244,23,0.8453
15232,244,23,0.9721
15233,244,23,0.5507
15234,244,23,0.8828
15235,244,23,0.7110
15236,244,23,0.9296
15237,244,23,0.9758
15238,244,23,0.1430
15239,244,23,0.5252
15240,244,23,0.2775
15241,244,23,0.3924
15242,244,23,0.7075
15243,244,23,0.9615
15244,244,23,0.6779
15245,244,23,0.7642
15246,244,23,0.9096
15247,244,23,0.9564
15248,244,23,0.5167
15249,244,23,0.7909
15250,244,23,0.8534
15251,244,23,0.8490
15252,244,23,0.3642
15253,244,23,0.6152
15254,244,23,0.9166
15255,244,23,0.9360
15256,244,23,0.3249
15257,244,23,0.4282
15258,244,23,0.8333
15259,244,23,0.7634
15260,244,23,0.9397
15261,244,23,0.9636
15262,244,23,0.9783
15263,244,23,0.4563
15264,244,23,0.9553
15265,244,23,0.7085
15266,244,23,0.3991
15267,244,23,0.8095
15268,244,23,0.0500
15269,244,23,0.2687
15270,244,23,0.8917
15271,244,23,0.9737
15272,244,23,0.4921
15273,244,23,0.9543
15274,244,23,0.9774
15275,244,23,0.9621
15276,244,23,0.0637
15277,244,23,0.9224
15278,244,23,0.9577
15279,244,23,0.9791
15280,244,23,0.9518
15281,244,23,0.7821
15282,244,23,0.7239
15283,244,23,0.7163
15284,244,23,0.6728
15285,244,23,0.8330
15286,244,23,0.3897
15287,244,23,0.9354
15288,244,23,0.9701
15289,244,23,0.9718
15290,244,23,0.9815
15291,244,23,0.9852
15292,244,23,0.9868
15293,244,23,0.9866
15294,244,23,0.9878
15295,244,23,0.9115
15296,244,23,0.2667
15297,244,23,0.4297
15298,244,23,0.4648
15299,244,23,0.9308
15300,244,23,0.2612
15301,244,23,0.6966
15302,244,23,0.4265
15303,244,23,0.1629
15304,244,23,0.9188
15305,244,23,0.3278
15306,244,23,0.0893
15307,244,23,0.9256
15308,244,23,0.3196
15309,244,23,0.8094
15310,244,23,0.8854
15311,244,23,0.9721
15312,244,23,0.9475
15313,244,23,0.5650
15314,244,23,0.6456
15315,244,23,0.2638
15316,244,23,0.7165
15317,244,23,0.2262
15318,244,23,0.9138
15319,244,23,0.9316
15320,244,23,0.9707
15321,244,23,0.9808
15322,244,23,0.9798
15323,244,23,0.8091
15324,244,23,0.7910
15325,244,23,0.5502
15326,244,23,0.5364
15327,244,23,0.3740
15328,244,23,0.7151
15329,244,23,0.9049
15330,244,23,0.0573
15331,244,23,0.9243
15332,244,23,0.2763
15333,244,23,0.7643
15334,244,23,0.1843
15335,244,23,0.5363
15336,244,23,0.9026
15337,244,23,0.9377
15338,244,23,0.0270
15339,244,23,0.7515
15340,244,23,0.3022
15341,244,23,0.7186
15342,244,23,0.8725
15343,244,23,0.9696
15344,244,23,0.3398
15345,244,23,0.0909
15346,244,23,0.1873
15347,244,23,0.5363
15348,244,23,0.0755
15349,244,23,0.1331
15350,244,23,0.1214
15351,244,23,0.3568
15352,244,23,0.1474
15353,244,23,0.2017
15354,244,23,0.3869
15355,244,23,0.3504
15356,244,23,0.8896
15357,244,23,0.6506
15358,244,23,0.8972
15359,244,23,0.8594
15360,244,23,0.8919
15361,244,23,0.6176
15362,244,23,0.8857
15363,244,23,0.2054
15364,244,23,0.7526
15365,244,23,0.7305
15366,244,23,0.9433
15367,244,23,0.9789
15368,244,23,0.9840
15369,244,23,0.9864
15370,244,23,0.4129
15371,244,23,0.9287
15372,244,23,0.4653
15373,244,23,0.7840
15374,244,23,0.8777
15375,244,23,0.4275
15376,244,23,0.9485
15377,244,23,0.4271
15378,244,23,0.6282
15379,244,23,0.5079
15380,244,23,0.5566
15381,244,23,0.5938
15382,244,23,0.7589
15383,244,23,0.8021
15384,244,23,0.8737
15385,244,23,0.4669
15386,244,23,0.8141
15387,244,23,0.9367
15388,244,23,0.8699
15389,244,23,0.6043
15390,244,23,0.9101
15391,244,23,0.5962
15392,244,23,0.0888
15393,244,23,0.1397
15394,244,23,0.4682
15395,244,23,0.3442
15396,244,23,0.4594
15397,244,23,0.9166
15398,244,23,0.6374
15399,244,23,0.9286
15400,244,23,0.4377
15401,244,23,0.2378
15402,244,23,0.3601
15403,244,23,0.4048
15404,244,23,0.3312
15405,244,23,0.3536
15406,244,23,0.6061
15407,244,23,0.6708
15408,244,23,0.6807
15409,244,23,0.5728
15410,244,23,0.8845
15411,244,23,0.5917
15412,244,23,0.8725
15413,244,23,0.4226
15414,244,23,0.4891
15415,244,23,0.8089
15416,244,23,0.6788
15417,244,23,0.6419
15418,244,23,0.7053
15419,244,23,0.5998
15420,244,23,0.9053
15421,244,23,0.9550
15422,244,23,0.9687
15423,244,23,0.9789
15424,244,23,0.9843
15425,244,23,0.9860
15426,244,23,0.9871
15427,244,23,0.9093
15428,244,23,0.3446
15429,244,23,0.6882
15430,244,23,0.0924
15431,244,23,0.8251
15432,244,23,0.6215
15433,244,23,0.3772
15434,244,23,0.2328
15435,244,23,0.3764
15436,244,23,0.8894
15437,244,23,0.6637
15438,244,23,0.5731
15439,244,23,0.6769
15440,244,23,0.9315
15441,244,23,0.3452
15442,244,23,0.9037
15443,244,23,0.7775
15444,244,23,0.3201
15445,244,23,0.1793
15446,244,23,0.7837
15447,244,23,0.2580
15448,244,23,0.9116
15449,244,23,0.9325
15450,244,23,0.0816
15451,244,23,0.7446
15452,244,23,0.7275
15453,244,23,0.6791
15454,244,23,0.8518
15455,244,23,0.3367
15456,244,23,0.8868
15457,244,23,0.9193
15458,244,23,0.9213
15459,244,23,0.9745
15460,244,23,0.9774
15461,244,23,0.9836
15462,244,23,0.9864
15463,244,23,0.9872
15464,244,23,0.9873
15465,244,23,0.9878
15466,244,23,0.5101
15467,244,23,0.4037
15468,244,23,0.6381
15469,244,23,0.2435
15470,244,23,0.6792
15471,244,23,0.7356
15472,244,23,0.2286
15473,244,23,0.1072
15474,244,23,0.4721
15475,244,23,0.8689
15476,244,23,0.7813
15477,244,23,0.6425
15478,244,23,0.8068
15479,244,23,0.2585
15480,244,23,0.6862
15481,244,23,0.6991
15482,244,23,0.7377
15483,244,23,0.7703
15484,244,23,0.1905
15485,244,23,0.8547
15486,244,23,0.5695
15487,244,23,0.2736
15488,244,23,0.4719
15489,244,23,0.6385
15490,244,23,0.3486
15491,244,23,0.6800
15492,244,23,0.2411
15493,244,23,0.5978
15494,244,23,0.6669
15495,244,23,0.6729
15496,244,23,0.4844
15497,244,23,0.3023
15498,244,23,0.4424
15499,244,23,0.6706
15500,244,23,0.6967
15501,244,23,0.7381
15502,244,23,0.7599
15503,244,23,0.8317
15504,244,23,0.9063
15505,244,23,0.9318
15506,244,23,0.5739
15507,244,23,0.3672
15508,244,23,0.7309
15509,244,23,0.8335
15510,244,23,0.8678
15511,244,23,0.9018
15512,244,23,0.9122
15513,244,23,0.9331
15514,244,23,0.9567
15515,244,23,0.9733
15516,244,23,0.9437
15517,244,23,0.4913
15518,244,23,0.8403
15519,244,23,0.8902
15520,244,23,0.9529
15521,244,23,0.9775
15522,244,23,0.9843
15523,244,23,0.9862
15524,244,23,0.9861
15525,244,23,0.9870
15526,244,23,0.5510
15527,244,23,0.2088
15528,244,23,0.1876
15529,244,23,0.7115
15530,244,23,0.8026
15531,244,23,0.1416
15532,244,23,0.3769
15533,244,23,0.2863
15534,244,23,0.6102
15535,244,23,0.6754
15536,244,23,0.8845
15537,244,23,0.6071
15538,244,23,0.7023
15539,244,23,0.3385
15540,244,23,0.6466
15541,244,23,0.6801
15542,244,23,0.7322
15543,244,23,0.7844
15544,244,23,0.8452
15545,244,23,0.8826
15546,244,23,0.2151
15547,244,23,0.7002
15548,244,23,0.8674
15549,244,23,0.0632
15550,244,23,0.4638
15551,244,23,0.6583
15552,244,23,0.3698
15553,244,23,0.7095
15554,244,23,0.2265
15555,244,23,0.6171
15556,244,23,0.2400
15557,244,23,0.2031
15558,244,23,0.5050
15559,244,23,0.2883
15560,244,23,0.7166
15561,244,23,0.2208
15562,244,23,0.5890
15563,244,23,0.6453
15564,244,23,0.6488
15565,244,23,0.3446
15566,244,23,0.5020
15567,244,23,0.2628
15568,244,23,0.7424
15569,244,23,0.9278
15570,244,23,0.9605
15571,244,23,0.9738
15572,244,23,0.9825
15573,244,23,0.9855
15574,244,23,0.9864
15575,244,23,0.9875
15576,244,23,0.8707
15577,244,23,0.3121
15578,244,23,0.5346
15579,244,132,0.9147
15580,244,132,0.2613
15581,244,132,0.8760
15582,244,132,0.8848
15583,244,132,0.9599
15584,244,132,0.9754
15585,244,132,0.9843
15586,244,132,0.9792
15587,244,132,0.9893
15588,244,132,0.8738
15589,244,23,0.8927
15590,244,23,0.9741
15591,244,23,0.3275
15592,244,23,0.6820
15593,244,23,0.9624
15594,244,23,0.9749
15595,244,23,0.5047
15596,244,23,0.1903
15597,244,23,0.8836
15598,244,23,0.9627
15599,244,23,0.9138
15600,244,23,0.9682
15601,244,23,0.9785
15602,244,23,0.6922
15603,244,23,0.9687
15604,244,23,0.9781
15605,244,23,0.9261
15606,244,23,0.3705
15607,244,23,0.9205
15608,244,23,0.3998
15609,244,23,0.1456
15610,244,23,0.5361
15611,244,23,0.8885
15612,244,23,0.9415
15613,244,23,0.1561
15614,244,23,0.9341
15615,244,93,0.6336
15616,244,93,0.8658
15617,244,93,0.9124
15618,244,93,0.9527
15619,244,93,0.9680
15620,244,93,0.9770
15621,244,93,0.9789
15622,244,93,0.9828
15623,244,93,0.9854
15624,244,93,0.9869
