ID,User_ID,Bot_Strategy,Accuracy
0,210,132,0.7425
1,210,132,0.6591
2,210,132,0.9573
3,210,132,0.9774
4,210,132,0.4456
5,210,132,0.0964
6,210,132,0.5999
7,210,132,0.9330
8,210,132,0.0905
9,210,132,0.4993
967,211,132,0.9734
1411,212,132,0.9227
1412,212,132,0.9679
1413,212,132,0.9799
1414,212,132,0.9161
1415,212,132,0.4716
1416,212,132,0.9682
1417,212,132,0.7589
1418,212,132,0.9846
1419,212,132,0.9179
1420,212,132,0.9635
1641,213,132,0.6332
1642,213,132,0.9368
1643,213,132,0.0700
1644,213,132,0.8856
1645,213,132,0.0734
1646,213,132,0.8760
1647,213,132,0.7155
1648,213,132,0.9407
1649,213,132,0.6155
1650,213,132,0.9631
10,210,132,0.9910
11,210,132,0.9629
12,210,132,0.1397
13,210,132,0.1336
14,210,132,0.5416
15,210,132,0.5825
16,210,132,0.9598
17,210,132,0.8630
18,210,132,0.9983
19,210,132,0.9993
968,211,132,0.9390
969,211,132,0.9816
970,211,132,0.9911
971,211,132,0.5745
972,211,132,0.1496
973,211,132,0.9843
974,211,132,0.8969
975,211,132,0.5284
976,211,132,0.7992
977,211,132,0.9541
1421,212,132,0.9767
1422,212,132,0.9128
1423,212,132,0.1213
1424,212,132,0.9043
1651,213,132,0.9932
20,210,132,0.9220
21,210,132,0.8678
22,210,132,0.0617
23,210,132,0.2826
978,211,132,0.9750
979,211,132,0.4668
980,211,132,0.9923
981,211,132,0.9560
982,211,132,0.4883
983,211,132,0.9839
984,211,132,0.9850
985,211,132,0.9536
986,211,132,0.8853
987,211,132,0.9928
1425,212,132,0.9808
1426,212,132,0.9744
1427,212,132,0.9934
1428,212,132,0.3381
1429,212,132,0.8643
1430,212,132,0.9804
1431,212,132,0.8428
1432,212,132,0.9859
1433,212,132,0.0099
1434,212,132,0.8202
1652,213,132,0.9836
24,210,132,0.9699
25,210,132,0.9812
26,210,132,0.9209
27,210,132,0.8612
28,210,132,0.9908
29,210,132,0.9697
30,210,132,0.9901
31,210,132,0.9945
32,210,132,0.9747
33,210,132,0.9945
988,211,132,0.9611
989,211,132,0.3859
990,211,132,0.9793
991,211,132,0.7085
992,211,132,0.9373
1435,212,132,0.9735
1436,212,132,0.9841
1437,212,132,0.9825
1438,212,132,0.9971
1439,212,132,0.9643
1440,212,132,0.7398
1441,212,132,0.9776
1442,212,132,0.6096
1443,212,132,0.8982
1444,212,132,0.9605
1653,213,132,0.3418
1654,213,132,0.9469
1655,213,132,0.1828
1656,213,132,0.9557
34,210,132,0.9650
35,210,132,0.6751
36,210,132,0.4037
37,210,132,0.9817
38,210,132,0.5168
39,210,132,0.2768
993,211,132,0.9596
994,211,132,0.8576
995,211,132,0.8281
996,211,132,0.7243
997,211,132,0.2647
1445,212,132,0.4987
1446,212,132,0.8135
1447,212,132,0.8075
1448,212,132,0.2295
1449,212,132,0.7464
1657,213,132,0.9095
1658,213,132,0.8931
1659,213,132,0.9957
1660,213,132,0.5335
1661,213,132,0.9863
1662,213,132,0.6604
1663,213,132,0.9041
1664,213,132,0.9700
1665,213,132,0.9710
1666,213,132,0.8622
40,210,132,0.9828
41,210,132,0.9344
42,210,132,0.9938
43,210,132,0.1531
998,211,132,0.8975
999,211,132,0.2205
1000,211,132,0.7039
1001,211,132,0.5990
1002,211,132,0.3789
1003,211,132,0.8886
1004,211,132,0.9845
1005,211,132,0.0970
1006,211,132,0.9706
1007,211,132,0.9350
1450,212,132,0.9652
1451,212,132,0.9516
1452,212,132,0.9737
1453,212,132,0.9834
1454,212,132,0.9907
1455,212,132,0.9831
1456,212,132,0.7169
1457,212,132,0.7434
1458,212,132,0.8222
1459,212,132,0.9898
1667,213,132,0.2838
1668,213,132,0.9750
1669,213,132,0.4184
1670,213,132,0.9880
1671,213,132,0.0291
1672,213,132,0.9927
1673,213,132,0.9957
1674,213,132,0.9665
1675,213,132,0.9871
1676,213,132,0.0776
44,210,132,0.9062
45,210,132,0.9167
46,210,132,0.9162
47,210,132,0.9571
48,210,132,0.9786
49,210,132,0.9842
50,210,132,0.9278
51,210,132,0.9892
52,210,132,0.9380
53,210,132,0.9069
1008,211,132,0.8807
1009,211,132,0.2216
1010,211,132,0.9916
1011,211,132,0.9441
1012,211,132,0.9879
1013,211,132,0.9931
1014,211,132,0.8678
1015,211,132,0.9861
1016,211,132,0.9882
1017,211,132,0.9440
1460,212,23,0.3704
1461,212,23,0.9716
1462,212,23,0.8430
1463,212,23,0.9742
1464,212,23,0.9710
1465,212,23,0.5522
1466,212,23,0.9325
1467,212,23,0.9835
1468,212,23,0.8026
1469,212,23,0.9445
1677,213,23,0.8611
1678,213,23,0.7887
1679,213,23,0.8500
1680,213,23,0.3120
1681,213,23,0.4089
1682,213,23,0.6799
1683,213,23,0.1837
1684,213,23,0.1214
1685,213,23,0.3522
1686,213,23,0.4322
54,210,23,0.9255
55,210,23,0.8772
56,210,23,0.4498
57,210,23,0.7820
58,210,23,0.6442
59,210,23,0.9637
60,210,23,0.9537
61,210,23,0.9370
62,210,23,0.9836
63,210,23,0.9586
1018,211,132,0.9932
1019,211,132,0.4666
1020,211,132,0.2366
1470,212,23,0.9321
1471,212,23,0.8480
1472,212,23,0.4830
1473,212,23,0.7096
1474,212,23,0.7092
1475,212,23,0.5383
1476,212,23,0.5251
1687,213,23,0.4421
1688,213,23,0.9432
1689,213,23,0.5442
1690,213,23,0.5163
1691,213,23,0.9372
1692,213,23,0.9166
1693,213,23,0.9594
1694,213,23,0.8839
1695,213,23,0.5524
1696,213,23,0.9592
64,210,23,0.8455
65,210,23,0.9277
66,210,23,0.4310
67,210,23,0.6465
1021,211,132,0.9872
1022,211,132,0.9247
1023,211,132,0.5420
1024,211,132,0.9429
1477,212,23,0.6132
1478,212,23,0.7740
1697,213,23,0.8587
1698,213,23,0.9324
68,210,23,0.5795
69,210,23,0.5784
70,210,23,0.5097
1025,211,132,0.9806
1026,211,132,0.9284
1027,211,132,0.6768
1028,211,132,0.8188
1029,211,132,0.0187
1479,212,23,0.7852
1480,212,23,0.8107
1481,212,23,0.7379
1482,212,23,0.7037
1483,212,23,0.9519
1484,212,23,0.3021
1485,212,23,0.9295
1486,212,23,0.9895
1487,212,23,0.9887
1488,212,23,0.9864
1699,213,23,0.8508
1700,213,23,0.7987
71,210,23,0.5939
72,210,23,0.5822
1030,211,132,0.3416
1031,211,132,0.7731
1032,211,132,0.8085
1033,211,132,0.0941
1034,211,132,0.3064
1035,211,132,0.9656
1036,211,132,0.5415
1037,211,132,0.9651
1038,211,132,0.9944
1039,211,132,0.9987
1489,212,107,0.9387
1490,212,107,0.9907
1491,212,107,0.9510
1492,212,107,0.9862
1493,212,107,0.9896
1494,212,107,0.9946
1495,212,107,0.1493
1496,212,107,0.8454
1497,212,107,0.9894
1701,213,23,0.9607
1702,213,23,0.8411
73,210,23,0.8263
74,210,23,0.2810
75,210,23,0.5519
1040,211,132,0.7993
1041,211,132,0.9695
1042,211,132,0.3139
1043,211,132,0.4643
1044,211,132,0.7259
1498,212,43,0.9784
1499,212,43,0.4022
1500,212,43,0.8599
1501,212,43,0.9870
1502,212,43,0.9581
1503,212,43,0.9476
1504,212,43,0.8950
1505,212,43,0.7025
1506,212,43,0.1950
1703,213,23,0.4563
1704,213,23,0.7553
76,210,23,0.9561
77,210,23,0.6944
78,210,23,0.9846
79,210,23,0.9686
80,210,23,0.9861
81,210,23,0.7686
82,210,23,0.5385
1045,211,132,0.7884
1046,211,132,0.9816
1047,211,132,0.9832
1048,211,132,0.9601
1049,211,132,0.8508
1050,211,132,0.0332
1507,212,43,0.9386
1508,212,43,0.8609
1509,212,43,0.9732
1510,212,43,0.9886
1705,213,23,0.9070
1706,213,23,0.8662
1707,213,23,0.9904
1708,213,23,0.9126
1709,213,23,0.9892
1710,213,23,0.9741
1711,213,23,0.9751
1712,213,23,0.6065
1713,213,23,0.0208
1714,213,23,0.5313
83,210,23,0.9639
84,210,23,0.9914
85,210,23,0.8747
1051,211,132,0.9246
1052,211,132,0.7859
1053,211,132,0.5901
1054,211,132,0.6155
1511,212,43,0.8961
1512,212,43,0.9140
1513,212,43,0.8506
1514,212,43,0.5676
1515,212,43,0.8312
1516,212,43,0.9151
1517,212,43,0.9598
1518,212,43,0.8888
1519,212,43,0.5963
1520,212,43,0.9817
1715,213,23,0.8734
1716,213,23,0.8665
1717,213,23,0.7275
1718,213,23,0.6980
86,210,23,0.9646
87,210,23,0.9156
88,210,23,0.6098
1055,211,132,0.9481
1056,211,132,0.8074
1057,211,132,0.1361
1521,212,43,0.8956
1522,212,43,0.8008
1523,212,43,0.9936
1524,212,43,0.7245
1525,212,43,0.9766
1526,212,43,0.2583
1527,212,43,0.8497
1528,212,43,0.9170
1719,213,23,0.9696
1720,213,23,0.9841
1721,213,23,0.9119
1722,213,23,0.5048
89,210,23,0.9465
90,210,23,0.9871
1058,211,132,0.9826
1059,211,132,0.9532
1060,211,132,0.8916
1061,211,132,0.0776
1062,211,132,0.9813
1529,212,43,0.7730
1530,212,43,0.2535
1531,212,43,0.7255
1723,213,23,0.9608
1724,213,23,0.9905
1725,213,23,0.9195
91,210,23,0.9494
92,210,23,0.9838
93,210,23,0.2062
1063,211,132,0.5121
1064,211,132,0.6640
1065,211,132,0.5507
1066,211,132,0.6903
1067,211,132,0.9218
1068,211,132,0.9926
1069,211,132,0.2716
1070,211,132,0.9784
1071,211,132,0.9798
1072,211,132,0.9650
1532,212,43,0.9313
1533,212,43,0.9236
1534,212,43,0.7020
1535,212,43,0.9802
1536,212,43,0.8786
1537,212,43,0.9807
1538,212,43,0.9805
1539,212,43,0.9824
1540,212,43,0.9363
1726,213,23,0.9821
1727,213,23,0.0807
1728,213,23,0.3172
94,210,23,0.5970
95,210,23,0.7988
96,210,23,0.6646
1073,211,132,0.2109
1074,211,132,0.2515
1541,212,17,0.9621
1542,212,17,0.4963
1729,213,23,0.5649
1730,213,23,0.1533
1731,213,23,0.3851
97,210,23,0.9151
98,210,23,0.9955
99,210,23,0.9795
100,210,23,0.9700
101,210,23,0.2614
102,210,23,0.9379
103,210,23,0.8645
104,210,23,0.5589
105,210,23,0.8749
106,210,23,0.9963
1075,211,132,0.7610
1076,211,132,0.9626
1077,211,132,0.9447
1078,211,132,0.4840
1079,211,132,0.9714
1080,211,132,0.0292
1081,211,132,0.6801
1543,212,17,0.4347
1544,212,17,0.7408
1732,213,23,0.9023
1733,213,23,0.9650
1734,213,23,0.9813
1735,213,23,0.1962
107,210,23,0.8939
108,210,23,0.6811
1082,211,132,0.9129
1083,211,132,0.9635
1084,211,132,0.7470
1085,211,132,0.8001
1086,211,132,0.8623
1087,211,132,0.9055
1088,211,132,0.8018
1089,211,132,0.3909
1090,211,132,0.9907
1545,212,17,0.8581
1546,212,17,0.1191
1547,212,17,0.9796
1736,213,23,0.2508
1737,213,23,0.7410
109,210,23,0.8890
110,210,23,0.9389
111,210,23,0.1172
112,210,23,0.3022
113,210,23,0.0298
114,210,23,0.9034
115,210,23,0.8308
116,210,23,0.2424
117,210,23,0.3180
118,210,23,0.0836
1091,211,132,0.7251
1092,211,132,0.8887
1093,211,132,0.9844
1094,211,132,0.9959
1095,211,132,0.6424
1096,211,132,0.9104
1548,212,17,0.6615
1549,212,17,0.9770
1550,212,17,0.1874
1738,213,23,0.4875
1739,213,23,0.9779
1740,213,23,0.9792
1741,213,23,0.8894
1742,213,23,0.8566
119,210,23,0.8752
120,210,23,0.9345
121,210,23,0.8140
1097,211,132,0.9244
1098,211,132,0.9782
1099,211,132,0.6726
1100,211,132,0.8339
1101,211,132,0.9779
1102,211,132,0.9632
1103,211,132,0.9936
1104,211,132,0.9151
1105,211,132,0.8614
1106,211,132,0.7883
1551,212,17,0.5168
1552,212,17,0.9559
1553,212,17,0.2536
1554,212,17,0.9651
1555,212,17,0.8331
1556,212,17,0.9890
1557,212,17,0.9916
1558,212,17,0.9851
1559,212,17,0.7510
1560,212,17,0.4893
1743,213,23,0.9855
1744,213,23,0.9092
122,210,23,0.6933
123,210,23,0.2354
124,210,23,0.9635
125,210,23,0.9195
126,210,23,0.9426
127,210,23,0.5221
128,210,23,0.9636
129,210,23,0.8899
130,210,23,0.9664
131,210,23,0.8509
1107,211,132,0.9293
1108,211,132,0.9076
1109,211,132,0.4726
1110,211,132,0.9342
1111,211,132,0.6116
1112,211,132,0.6962
1113,211,132,0.9459
1561,212,17,0.8276
1562,212,17,0.8139
1745,213,23,0.3212
1746,213,23,0.9602
1747,213,23,0.5608
1748,213,23,0.1601
132,210,23,0.8901
133,210,23,0.9399
134,210,23,0.9880
135,210,23,0.9234
136,210,23,0.7933
137,210,23,0.9782
138,210,23,0.4205
139,210,23,0.9540
140,210,23,0.7622
141,210,23,0.6956
1114,211,132,0.6294
1115,211,132,0.5550
1563,212,17,0.4956
1564,212,17,0.4820
1749,213,23,0.9336
1750,213,23,0.2938
1751,213,23,0.0860
1752,213,23,0.2524
1753,213,23,0.7199
1754,213,23,0.6676
1755,213,23,0.9667
1756,213,23,0.9413
1757,213,23,0.8789
142,210,23,0.8847
143,210,23,0.8624
144,210,23,0.5973
145,210,23,0.6618
1116,211,132,0.9717
1117,211,132,0.2862
1118,211,132,0.4570
1119,211,132,0.8429
1120,211,132,0.6107
1121,211,132,0.0561
1565,212,17,0.9405
1566,212,17,0.7479
1567,212,17,0.9891
1568,212,17,0.9662
1569,212,17,0.1039
1570,212,17,0.4971
1571,212,17,0.9873
1572,212,17,0.1217
1573,212,17,0.0402
1758,213,107,0.8854
1759,213,107,0.9741
1760,213,107,0.9698
1761,213,107,0.9681
1762,213,107,0.6063
1763,213,107,0.6293
1764,213,107,0.6925
1765,213,107,0.0730
1766,213,107,0.7158
1767,213,107,0.8468
146,210,23,0.1309
147,210,23,0.9472
148,210,23,0.9885
149,210,23,0.9751
150,210,23,0.8608
151,210,23,0.8278
152,210,23,0.7743
153,210,23,0.8425
154,210,23,0.2617
155,210,23,0.9184
1122,211,132,0.7518
1123,211,132,0.9631
1124,211,132,0.9606
1125,211,132,0.9522
1126,211,132,0.7727
1127,211,132,0.9625
1128,211,132,0.9821
1129,211,132,0.9964
1130,211,132,0.8498
1131,211,132,0.3528
1574,212,17,0.6723
1575,212,17,0.5403
1768,213,107,0.8736
1769,213,107,0.9944
1770,213,107,0.9785
1771,213,107,0.5955
1772,213,107,0.8698
1773,213,107,0.9905
1774,213,107,0.9983
1775,213,107,0.6229
1776,213,107,0.9722
156,210,23,0.9612
157,210,23,0.7263
1132,211,132,0.9740
1133,211,132,0.1207
1134,211,132,0.4935
1576,212,17,0.9187
1577,212,17,0.8031
1578,212,17,0.9673
1579,212,17,0.0413
1777,213,43,0.9340
1778,213,43,0.5345
1779,213,43,0.7243
1780,213,43,0.4970
1781,213,43,0.3081
1782,213,43,0.7315
1783,213,43,0.9219
158,210,23,0.5282
159,210,23,0.9625
160,210,23,0.9878
161,210,23,0.9904
162,210,23,0.9769
1135,211,132,0.7613
1136,211,132,0.9634
1580,212,17,0.6342
1581,212,17,0.9551
1582,212,17,0.9746
1583,212,17,0.8809
1584,212,17,0.4164
1585,212,17,0.2907
1586,212,17,0.9809
1587,212,17,0.9716
1588,212,17,0.7729
1784,213,43,0.6383
1785,213,43,0.9423
1786,213,43,0.7673
1787,213,43,0.5083
163,210,23,0.9641
164,210,23,0.9693
165,210,23,0.4023
1137,211,132,0.8696
1138,211,132,0.9852
1139,211,132,0.2185
1140,211,132,0.9869
1141,211,132,0.9683
1142,211,132,0.9826
1143,211,132,0.9215
1144,211,132,0.9024
1589,212,17,0.9293
1590,212,17,0.8764
1788,213,43,0.8768
1789,213,43,0.9918
1790,213,43,0.9449
1791,213,43,0.1029
1792,213,43,0.4508
166,210,23,0.6977
167,210,23,0.5544
168,210,23,0.9828
169,210,23,0.1443
170,210,23,0.6949
171,210,23,0.6948
172,210,23,0.9757
173,210,23,0.9731
174,210,23,0.9697
175,210,23,0.9225
1145,211,132,0.7640
1146,211,132,0.9750
1147,211,132,0.9725
1148,211,132,0.0781
1149,211,132,0.3592
1150,211,132,0.6197
1591,212,17,0.9280
1592,212,17,0.9896
1593,212,17,0.9799
1594,212,17,0.3359
1793,213,43,0.9129
1794,213,43,0.6362
1795,213,43,0.9550
1796,213,43,0.9285
1797,213,43,0.9887
1798,213,43,0.9565
1799,213,43,0.8539
1800,213,43,0.9892
1801,213,43,0.9523
176,210,23,0.6520
177,210,23,0.4582
178,210,23,0.0982
179,210,23,0.8141
180,210,23,0.7688
1151,211,132,0.1959
1595,212,17,0.7791
1596,212,17,0.9763
1597,212,17,0.9768
1802,213,17,0.6690
1803,213,17,0.2159
181,210,23,0.5710
182,210,23,0.5915
1152,211,132,0.8595
1153,211,132,0.3491
1154,211,132,0.9633
1155,211,132,0.9923
1156,211,132,0.8683
1157,211,132,0.9841
1158,211,132,0.9953
1159,211,132,0.7286
1160,211,132,0.9766
1161,211,132,0.9257
1598,212,17,0.4437
1599,212,17,0.5979
1804,213,17,0.9195
1805,213,17,0.9884
1806,213,17,0.9392
183,210,23,0.9171
184,210,23,0.9947
185,210,23,0.2612
186,210,23,0.5198
1162,211,23,0.8907
1163,211,23,0.0279
1164,211,23,0.7386
1165,211,23,0.9796
1166,211,23,0.9902
1167,211,23,0.7763
1168,211,23,0.9134
1169,211,23,0.9255
1170,211,23,0.9778
1171,211,23,0.9926
1600,212,17,0.6152
1601,212,17,0.9888
1602,212,17,0.9667
1603,212,17,0.8827
1604,212,17,0.9549
1605,212,17,0.9753
1606,212,17,0.9759
1607,212,17,0.9835
1608,212,17,0.9834
1609,212,17,0.9633
1807,213,17,0.9336
1808,213,17,0.9755
1809,213,17,0.4483
1810,213,17,0.2561
187,210,23,0.0260
1172,211,23,0.7340
1173,211,23,0.6423
1174,211,23,0.1153
1175,211,23,0.9376
1176,211,23,0.9354
1177,211,23,0.9573
1178,211,23,0.0232
1179,211,23,0.9217
1180,211,23,0.6019
1181,211,23,0.6660
1610,212,93,0.8963
1611,212,93,0.8965
1612,212,93,0.9722
1613,212,93,0.9720
1614,212,93,0.0052
1615,212,93,0.6442
1616,212,93,0.7599
1617,212,93,0.8734
1811,213,17,0.9188
1812,213,17,0.6487
188,210,23,0.9329
189,210,23,0.4716
1182,211,23,0.7480
1183,211,23,0.2854
1184,211,23,0.6001
1185,211,23,0.5326
1186,211,23,0.1814
1187,211,23,0.3092
1188,211,23,0.8888
1189,211,23,0.1250
1190,211,23,0.7390
1191,211,23,0.8520
1618,212,93,0.6785
1619,212,93,0.8375
1813,213,17,0.6583
1814,213,17,0.6272
190,210,23,0.4273
191,210,23,0.6396
192,210,23,0.9180
193,210,23,0.0156
194,210,23,0.2286
1192,211,23,0.8434
1193,211,23,0.2646
1194,211,23,0.9598
1195,211,23,0.2511
1196,211,23,0.9397
1197,211,23,0.3555
1198,211,23,0.8906
1199,211,23,0.7079
1200,211,23,0.1868
1201,211,23,0.8000
1620,212,93,0.7361
1621,212,93,0.8969
1622,212,93,0.0228
1623,212,93,0.9017
1815,213,17,0.9538
1816,213,17,0.3772
1817,213,17,0.8276
1818,213,17,0.8761
195,210,23,0.9618
196,210,23,0.7761
1202,211,23,0.9590
1203,211,23,0.8238
1624,212,93,0.6938
1625,212,93,0.8628
1819,213,17,0.9048
1820,213,17,0.8452
197,210,23,0.9710
198,210,23,0.7467
1204,211,23,0.9461
1205,211,23,0.9936
1206,211,23,0.9811
1207,211,23,0.9910
1208,211,23,0.9919
1209,211,23,0.7264
1210,211,23,0.3593
1211,211,23,0.9581
1212,211,23,0.9159
1213,211,23,0.9772
1626,212,107,0.1440
1821,213,17,0.7668
1822,213,17,0.4439
199,210,23,0.0819
200,210,23,0.7214
1214,211,23,0.9362
1215,211,23,0.7646
1216,211,23,0.8526
1627,212,93,0.7218
1628,212,93,0.4816
1823,213,17,0.9175
1824,213,17,0.5214
1825,213,17,0.9087
201,210,23,0.9619
202,210,23,0.9882
203,210,23,0.8148
204,210,23,0.3184
205,210,23,0.9759
206,210,23,0.9941
207,210,23,0.9484
208,210,23,0.8886
209,210,23,0.3429
210,210,23,0.0113
1217,211,23,0.7692
1218,211,23,0.5522
1219,211,23,0.6299
1220,211,23,0.9375
1221,211,23,0.5867
1222,211,23,0.9821
1223,211,23,0.9973
1224,211,23,0.9914
1225,211,23,0.9949
1226,211,23,0.9979
1629,212,93,0.7430
1630,212,93,0.0889
1631,212,93,0.3255
1826,213,17,0.5932
1827,213,17,0.4041
211,210,23,0.5067
212,210,23,0.5326
1227,211,23,0.5182
1228,211,23,0.5300
1229,211,23,0.9034
1230,211,23,0.8546
1231,211,23,0.9211
1232,211,23,0.9855
1233,211,23,0.9974
1234,211,23,0.9941
1235,211,23,0.9783
1236,211,23,0.9962
1632,212,93,0.4284
1633,212,93,0.9840
1634,212,93,0.9948
1635,212,93,0.9960
1636,212,93,0.9834
1637,212,93,0.9899
1638,212,93,0.9522
1639,212,93,0.9747
1640,212,93,0.8331
1828,213,17,0.5091
1829,213,17,0.8722
1830,213,17,0.7248
1831,213,17,0.9608
1832,213,17,0.9696
1833,213,17,0.9812
1834,213,17,0.9707
1835,213,17,0.8304
1836,213,17,0.9800
213,210,23,0.9560
214,210,23,0.7474
215,210,23,0.9732
216,210,23,0.8995
217,210,23,0.5387
1237,211,107,0.6418
1238,211,107,0.9655
1239,211,107,0.9672
1240,211,107,0.9151
1241,211,107,0.9859
1242,211,107,0.0248
1243,211,107,0.7092
1244,211,107,0.7390
1245,211,107,0.9605
1246,211,107,0.4006
1837,213,93,0.5359
1838,213,93,0.8516
1839,213,93,0.9692
1840,213,93,0.9814
1841,213,93,0.9822
1842,213,93,0.9759
1843,213,93,0.8689
1844,213,93,0.3245
1845,213,93,0.9293
1846,213,93,0.8912
1888,214,132,0.3151
1889,214,132,0.8148
1890,214,132,0.1773
1891,214,132,0.5296
1892,214,132,0.1477
1893,214,132,0.6764
1894,214,132,0.9472
1895,214,132,0.4977
1896,214,132,0.7372
1897,214,132,0.6877
218,210,23,0.9461
219,210,23,0.6598
220,210,23,0.9840
221,210,23,0.5545
222,210,23,0.1148
1247,211,107,0.9875
1248,211,107,0.7836
1249,211,107,0.9834
1250,211,107,0.9956
1251,211,107,0.1121
1252,211,107,0.1676
1253,211,107,0.1579
1254,211,107,0.5189
1255,211,107,0.8580
1256,211,107,0.9734
1847,213,93,0.6846
1848,213,93,0.6628
1898,214,132,0.5363
1899,214,132,0.5028
1900,214,132,0.9745
1901,214,132,0.9763
1902,214,132,0.9846
1903,214,132,0.9891
1904,214,132,0.9867
1905,214,132,0.9021
1906,214,132,0.9519
1907,214,132,0.7553
223,210,23,0.8414
224,210,23,0.9569
225,210,23,0.7455
226,210,23,0.8225
227,210,23,0.8268
228,210,23,0.2007
229,210,23,0.6056
1257,211,107,0.7354
1258,211,107,0.9510
1259,211,107,0.9787
1260,211,107,0.9286
1261,211,107,0.8465
1262,211,107,0.9853
1263,211,107,0.9926
1264,211,107,0.9816
1265,211,107,0.9950
1849,213,93,0.8912
1850,213,93,0.3402
1851,213,93,0.9766
1852,213,93,0.7918
1853,213,93,0.9662
1908,214,132,0.8292
1909,214,132,0.9770
1910,214,132,0.7757
1911,214,132,0.9694
1912,214,132,0.8416
1913,214,132,0.9892
1914,214,132,0.0360
1915,214,132,0.1047
1916,214,132,0.6781
1917,214,132,0.9719
230,210,23,0.7063
231,210,23,0.0070
232,210,23,0.9839
233,210,23,0.9878
234,210,23,0.8131
235,210,23,0.9105
236,210,23,0.0833
1266,211,107,0.0920
1854,213,93,0.6991
1855,213,93,0.1850
1918,214,132,0.9404
1919,214,132,0.9715
1920,214,132,0.9580
1921,214,132,0.9672
1922,214,132,0.7780
1923,214,132,0.9301
1924,214,132,0.9927
1925,214,132,0.9797
1926,214,132,0.9872
1927,214,132,0.9958
237,210,23,0.2904
238,210,23,0.8237
1267,211,43,0.9410
1268,211,43,0.8789
1269,211,43,0.9885
1270,211,43,0.4229
1271,211,43,0.7285
1272,211,43,0.3601
1273,211,43,0.6183
1274,211,43,0.7699
1275,211,43,0.8542
1276,211,43,0.9591
1856,213,93,0.6564
1857,213,93,0.2078
1858,213,93,0.9884
1859,213,93,0.6442
1860,213,93,0.9787
1861,213,93,0.3194
1862,213,93,0.9703
1863,213,93,0.5482
1864,213,93,0.1544
1928,214,132,0.9532
1929,214,132,0.0509
1930,214,132,0.6756
1931,214,132,0.8660
1932,214,132,0.3767
1933,214,132,0.8556
1934,214,132,0.8315
1935,214,132,0.5482
1936,214,132,0.9300
1937,214,132,0.5391
239,210,23,0.8635
240,210,23,0.9784
241,210,23,0.1695
242,210,23,0.8713
243,210,23,0.9804
244,210,23,0.9894
245,210,23,0.9715
246,210,23,0.7452
247,210,23,0.9379
248,210,23,0.9917
1277,211,43,0.7407
1278,211,43,0.8264
1279,211,43,0.5418
1865,213,93,0.8718
1866,213,93,0.9810
1867,213,93,0.9498
1868,213,93,0.2781
1869,213,93,0.7673
1870,213,93,0.4823
1938,214,132,0.9353
1939,214,132,0.9707
1940,214,132,0.9305
1941,214,132,0.9451
1942,214,132,0.5175
1943,214,132,0.9475
1944,214,132,0.9817
1945,214,132,0.9582
1946,214,132,0.9937
1947,214,132,0.9873
249,210,23,0.1330
250,210,23,0.4795
1280,211,43,0.0176
1281,211,43,0.9166
1871,213,93,0.1892
1872,213,93,0.9556
1873,213,93,0.4806
1874,213,93,0.1021
1948,214,23,0.5901
1949,214,23,0.0112
1950,214,23,0.6208
1951,214,23,0.7912
1952,214,23,0.9098
1953,214,23,0.1883
1954,214,23,0.0690
1955,214,23,0.2535
1956,214,23,0.9653
1957,214,23,0.9974
251,210,23,0.7786
252,210,23,0.6353
253,210,23,0.7940
1282,211,43,0.6615
1283,211,43,0.1628
1284,211,43,0.9419
1285,211,43,0.1854
1286,211,43,0.9081
1287,211,43,0.9474
1288,211,43,0.6677
1289,211,43,0.6894
1290,211,43,0.4780
1291,211,43,0.3307
1875,213,93,0.8845
1876,213,93,0.6079
1958,214,23,0.9394
1959,214,23,0.3984
1960,214,23,0.0638
1961,214,23,0.4075
1962,214,23,0.2418
1963,214,23,0.9394
1964,214,23,0.0301
1965,214,23,0.9308
1966,214,23,0.6088
1967,214,23,0.2328
254,210,23,0.9753
255,210,23,0.7481
1292,211,43,0.8721
1293,211,43,0.9895
1294,211,43,0.9775
1295,211,43,0.6468
1296,211,43,0.3638
1297,211,43,0.8520
1298,211,43,0.3938
1299,211,43,0.8567
1300,211,43,0.2386
1301,211,43,0.4848
1877,213,93,0.1621
1878,213,93,0.3006
1968,214,23,0.8364
1969,214,23,0.6185
1970,214,23,0.7482
1971,214,23,0.0763
1972,214,23,0.8301
1973,214,23,0.4741
1974,214,23,0.7407
1975,214,23,0.1640
1976,214,23,0.0352
1977,214,23,0.0619
256,210,23,0.9722
257,210,23,0.6413
1302,211,43,0.7973
1303,211,43,0.5977
1304,211,43,0.9764
1305,211,43,0.9208
1306,211,43,0.9597
1307,211,43,0.8691
1308,211,43,0.5285
1309,211,43,0.5314
1310,211,43,0.9783
1311,211,43,0.5917
1879,213,93,0.8511
1880,213,93,0.6371
1881,213,93,0.9843
1882,213,93,0.8781
1883,213,93,0.9098
1884,213,93,0.9862
1885,213,93,0.9903
1886,213,93,0.9878
1887,213,93,0.9764
1978,214,23,0.9021
1979,214,23,0.9266
1980,214,23,0.8319
1981,214,23,0.9043
1982,214,23,0.6452
1983,214,23,0.8578
1984,214,23,0.2555
1985,214,23,0.9861
1986,214,23,0.9975
1987,214,23,0.9970
258,210,23,0.2470
259,210,23,0.7294
260,210,23,0.5484
1312,211,43,0.8074
1313,211,43,0.9762
1314,211,43,0.8630
1315,211,43,0.9071
1316,211,43,0.9436
1317,211,43,0.9457
1318,211,43,0.9633
1319,211,43,0.5351
1320,211,43,0.1278
1321,211,43,0.5340
1988,214,23,0.8794
1989,214,23,0.7267
1990,214,23,0.2381
1991,214,23,0.5061
1992,214,23,0.2042
1993,214,23,0.8936
1994,214,23,0.5859
1995,214,23,0.8793
1996,214,23,0.3500
1997,214,23,0.8862
2506,215,132,0.7960
261,210,23,0.6074
262,210,23,0.3423
263,210,23,0.6978
1322,211,43,0.5668
1323,211,43,0.0130
1324,211,43,0.2209
1325,211,43,0.9484
1326,211,43,0.9862
1327,211,43,0.9905
1328,211,43,0.9951
1329,211,43,0.9897
1330,211,43,0.9978
1331,211,43,0.9965
1998,214,23,0.5299
1999,214,23,0.3771
2000,214,23,0.7968
2001,214,23,0.5840
2002,214,23,0.8563
2003,214,23,0.9742
2004,214,23,0.9974
2005,214,23,0.9970
2006,214,23,0.9951
2007,214,23,0.9955
2507,215,132,0.1560
2508,215,132,0.6809
2509,215,132,0.9518
2510,215,132,0.9679
2511,215,132,0.9897
2512,215,132,0.9880
2513,215,132,0.9709
2514,215,132,0.5764
2515,215,132,0.5147
2516,215,132,0.9688
264,210,23,0.4670
265,210,23,0.5066
266,210,23,0.8837
267,210,23,0.9781
268,210,23,0.6419
269,210,23,0.4818
270,210,23,0.8345
271,210,23,0.8581
1332,211,43,0.4361
1333,211,43,0.8229
1334,211,43,0.5758
1335,211,43,0.9814
1336,211,43,0.9983
1337,211,43,0.9961
1338,211,43,0.9990
1339,211,43,0.9938
1340,211,43,0.9989
1341,211,43,0.9955
2008,214,23,0.2886
2009,214,23,0.6510
2010,214,23,0.3979
2011,214,23,0.9673
2012,214,23,0.9838
2013,214,23,0.9810
2014,214,23,0.9957
2015,214,23,0.9981
2016,214,23,0.9788
2017,214,23,0.9977
2517,215,132,0.8669
2518,215,132,0.9910
2519,215,132,0.2655
2520,215,132,0.9096
272,210,23,0.4571
273,210,23,0.8982
274,210,23,0.7728
275,210,23,0.7705
1342,211,43,0.8180
1343,211,43,0.9794
1344,211,43,0.9844
1345,211,43,0.9217
1346,211,43,0.3723
1347,211,43,0.9753
1348,211,43,0.4891
1349,211,43,0.9522
1350,211,43,0.9797
1351,211,43,0.9168
2018,214,23,0.2549
2019,214,23,0.5225
2020,214,23,0.9542
2021,214,23,0.9841
2022,214,23,0.9972
2023,214,23,0.9979
2024,214,23,0.9989
2025,214,23,0.9992
2026,214,23,0.9992
2027,214,23,0.9991
2521,215,132,0.3958
2522,215,132,0.9433
2523,215,132,0.8056
2524,215,132,0.5760
2525,215,132,0.9321
2526,215,132,0.9443
2527,215,132,0.9423
2528,215,132,0.9442
2529,215,132,0.9915
2530,215,132,0.9950
276,210,23,0.3546
277,210,23,0.8349
1352,211,17,0.7268
1353,211,17,0.7148
1354,211,17,0.9878
1355,211,17,0.2532
1356,211,17,0.6948
1357,211,17,0.8872
1358,211,17,0.8258
1359,211,17,0.7558
1360,211,17,0.9550
1361,211,17,0.8479
2028,214,23,0.0959
2029,214,23,0.5228
2030,214,23,0.8890
2031,214,23,0.9854
2032,214,23,0.9594
2033,214,23,0.9839
2034,214,23,0.9843
2035,214,23,0.9812
2036,214,23,0.9917
2037,214,23,0.9958
2531,215,23,0.9458
2532,215,23,0.5756
2533,215,23,0.0545
278,210,23,0.9670
279,210,23,0.1675
280,210,23,0.6083
1362,211,17,0.9306
1363,211,17,0.8285
1364,211,17,0.9729
1365,211,17,0.9859
1366,211,17,0.9458
1367,211,17,0.9865
1368,211,17,0.9751
1369,211,17,0.9924
1370,211,17,0.9605
2038,214,23,0.0982
2039,214,23,0.2811
2040,214,23,0.8982
2041,214,23,0.9813
2042,214,23,0.9896
2043,214,23,0.9892
2044,214,23,0.9965
2045,214,23,0.9937
2046,214,23,0.9981
2047,214,23,0.9988
2534,215,23,0.9705
2535,215,23,0.8870
281,210,23,0.2063
282,210,23,0.5757
1371,211,93,0.2130
1372,211,93,0.1079
1373,211,93,0.5322
1374,211,93,0.4335
1375,211,93,0.9216
1376,211,93,0.3561
1377,211,93,0.9823
1378,211,93,0.9957
1379,211,93,0.9919
1380,211,93,0.9955
2048,214,23,0.6215
2049,214,23,0.3570
2050,214,23,0.6033
2051,214,23,0.8622
2052,214,23,0.9921
2053,214,23,0.9962
2054,214,23,0.9730
2055,214,23,0.9659
2056,214,23,0.9770
2057,214,23,0.9971
2536,215,23,0.9652
2537,215,23,0.9123
2538,215,23,0.3997
2539,215,23,0.9355
2540,215,23,0.8414
2541,215,23,0.7431
283,210,23,0.2940
284,210,23,0.2198
1381,211,93,0.8734
1382,211,93,0.7280
1383,211,93,0.3685
1384,211,93,0.4572
1385,211,93,0.7418
1386,211,93,0.7939
1387,211,93,0.8822
1388,211,93,0.9718
1389,211,93,0.9928
1390,211,93,0.9370
2058,214,23,0.7940
2059,214,23,0.9278
2060,214,23,0.8102
2061,214,23,0.8238
2062,214,23,0.8268
2063,214,23,0.5298
2064,214,23,0.7215
2065,214,23,0.8948
2066,214,23,0.3377
2067,214,23,0.3898
2542,215,23,0.8089
2543,215,23,0.9662
2544,215,23,0.9816
2545,215,23,0.9676
2546,215,23,0.9749
2547,215,23,0.6327
2548,215,23,0.9787
2549,215,23,0.8537
2550,215,23,0.3802
2551,215,23,0.9531
285,210,23,0.5141
286,210,23,0.9590
287,210,23,0.1224
288,210,23,0.9644
289,210,23,0.9671
290,210,23,0.1317
291,210,23,0.8816
292,210,23,0.9707
293,210,23,0.1977
1391,211,93,0.7008
1392,211,93,0.4972
1393,211,93,0.4663
1394,211,93,0.1297
1395,211,93,0.8519
1396,211,93,0.9772
1397,211,93,0.9968
1398,211,93,0.9987
1399,211,93,0.9984
1400,211,93,0.9976
2068,214,23,0.5628
2069,214,23,0.2383
2070,214,23,0.1667
2071,214,23,0.9422
2072,214,23,0.9908
2073,214,23,0.3154
2074,214,23,0.7926
2075,214,23,0.9237
2076,214,23,0.9443
2077,214,23,0.9810
2552,215,23,0.9257
2553,215,23,0.7814
2554,215,23,0.8925
2555,215,23,0.6640
294,210,23,0.4652
295,210,23,0.4256
1401,211,93,0.7452
1402,211,93,0.9078
1403,211,93,0.9877
1404,211,93,0.9328
1405,211,93,0.5135
1406,211,93,0.5582
1407,211,93,0.9765
1408,211,93,0.9736
1409,211,93,0.5651
1410,211,93,0.9823
2078,214,23,0.9485
2079,214,23,0.1140
2080,214,23,0.4989
2081,214,23,0.8801
2082,214,23,0.4540
2083,214,23,0.6438
2084,214,23,0.2830
2085,214,23,0.0425
2086,214,23,0.7697
2087,214,23,0.8603
2556,215,23,0.2776
2557,215,23,0.9579
2558,215,23,0.3957
296,210,23,0.4959
297,210,23,0.9607
298,210,23,0.7483
2088,214,23,0.9712
2089,214,23,0.9758
2090,214,23,0.5325
2091,214,23,0.9604
2092,214,23,0.0071
2093,214,23,0.6926
2094,214,23,0.9819
2095,214,23,0.8977
2096,214,23,0.7738
2097,214,23,0.4241
2559,215,23,0.8923
2560,215,23,0.5291
2805,216,132,0.9225
2806,216,132,0.0343
2807,216,132,0.6273
2808,216,132,0.9607
2809,216,132,0.8679
2810,216,132,0.2334
2811,216,132,0.6773
2812,216,132,0.9644
2813,216,132,0.9885
2814,216,132,0.7814
299,210,23,0.0631
300,210,23,0.8610
301,210,23,0.8871
302,210,23,0.9540
303,210,23,0.8935
304,210,23,0.9695
305,210,23,0.9228
306,210,23,0.8524
307,210,23,0.8117
308,210,23,0.3863
2098,214,23,0.5222
2099,214,23,0.1693
2100,214,23,0.7396
2101,214,23,0.9914
2102,214,23,0.9697
2103,214,23,0.2449
2104,214,23,0.5327
2105,214,23,0.9268
2106,214,23,0.3374
2107,214,23,0.9501
2561,215,23,0.9528
2562,215,23,0.9661
2563,215,23,0.4756
2564,215,23,0.6182
2565,215,23,0.4772
2566,215,23,0.9870
2567,215,23,0.0553
2568,215,23,0.4003
2569,215,23,0.3140
2570,215,23,0.0941
2815,216,132,0.9678
2816,216,132,0.1083
2817,216,132,0.7184
2818,216,132,0.9884
2819,216,132,0.9382
2820,216,132,0.9839
2821,216,132,0.6205
2822,216,132,0.7982
2823,216,132,0.9538
2824,216,132,0.7294
309,210,23,0.6705
310,210,23,0.4001
2108,214,23,0.8980
2109,214,23,0.9875
2110,214,23,0.6472
2111,214,23,0.9710
2112,214,23,0.0143
2113,214,23,0.9389
2114,214,23,0.8013
2115,214,23,0.8534
2116,214,23,0.9352
2117,214,23,0.1173
2571,215,23,0.2917
2572,215,23,0.8778
2573,215,23,0.9164
2825,216,132,0.9700
2826,216,132,0.9636
2827,216,132,0.8995
2828,216,132,0.0977
2829,216,132,0.9455
2830,216,132,0.5868
2831,216,132,0.6166
2832,216,132,0.4253
2833,216,132,0.6593
2834,216,132,0.1123
311,210,23,0.9785
312,210,23,0.1635
313,210,23,0.2485
2118,214,23,0.4820
2119,214,23,0.7395
2120,214,23,0.9779
2121,214,23,0.0595
2122,214,23,0.9440
2123,214,23,0.3766
2124,214,23,0.9073
2125,214,23,0.2649
2126,214,23,0.5309
2127,214,23,0.9978
2574,215,23,0.4086
2575,215,23,0.8499
2835,216,132,0.7509
2836,216,132,0.9642
2837,216,132,0.1513
2838,216,132,0.9415
314,210,23,0.0558
315,210,23,0.4836
316,210,23,0.3468
2128,214,23,0.9456
2129,214,23,0.4761
2130,214,23,0.8720
2131,214,23,0.9668
2132,214,23,0.9901
2133,214,23,0.0639
2134,214,23,0.1060
2135,214,23,0.1547
2136,214,23,0.8174
2137,214,23,0.6493
2576,215,23,0.2763
2577,215,23,0.8660
2839,216,132,0.9450
2840,216,132,0.9838
2841,216,132,0.1035
2842,216,132,0.4339
2843,216,132,0.9920
2844,216,132,0.9984
2845,216,132,0.9424
2846,216,132,0.9961
2847,216,132,0.9925
2848,216,132,0.9977
317,210,23,0.8412
318,210,23,0.9632
319,210,23,0.8726
2138,214,23,0.4835
2139,214,23,0.1892
2140,214,23,0.6852
2141,214,23,0.1270
2142,214,23,0.4418
2143,214,23,0.9630
2144,214,23,0.0113
2145,214,23,0.9681
2146,214,23,0.1278
2147,214,23,0.5982
2578,215,23,0.9133
2579,215,23,0.9935
2580,215,23,0.3076
2581,215,23,0.8015
2582,215,23,0.7537
2583,215,23,0.0982
2584,215,23,0.0582
2849,216,132,0.1116
2850,216,132,0.7666
320,210,23,0.5851
321,210,23,0.5715
2148,214,23,0.7761
2149,214,23,0.6331
2150,214,23,0.3911
2151,214,23,0.8812
2152,214,23,0.4646
2153,214,23,0.8407
2154,214,23,0.5518
2155,214,23,0.0188
2156,214,23,0.9712
2157,214,23,0.8080
2585,215,23,0.0746
2586,215,23,0.4575
2851,216,132,0.9640
2852,216,132,0.9861
2853,216,132,0.9716
2854,216,132,0.8880
2855,216,132,0.0118
2856,216,132,0.1201
322,210,23,0.4750
323,210,23,0.2844
2158,214,23,0.9731
2159,214,23,0.0270
2160,214,23,0.5539
2161,214,23,0.8587
2162,214,23,0.8914
2163,214,23,0.9626
2164,214,23,0.0216
2165,214,23,0.6108
2166,214,23,0.6764
2167,214,23,0.8319
2587,215,23,0.7834
2588,215,23,0.9106
2589,215,23,0.3012
2590,215,23,0.4843
2591,215,23,0.9198
2857,216,132,0.8285
2858,216,132,0.2439
2859,216,132,0.9334
2860,216,132,0.2420
2861,216,132,0.9131
2862,216,132,0.0876
2863,216,132,0.8735
2864,216,132,0.0477
2865,216,132,0.6905
2866,216,132,0.6060
324,210,23,0.8570
325,210,23,0.6634
326,210,23,0.5112
327,210,23,0.9910
328,210,23,0.9494
329,210,23,0.9908
330,210,23,0.9597
331,210,23,0.9901
332,210,23,0.2470
333,210,23,0.7792
2168,214,23,0.1511
2169,214,23,0.4644
2170,214,23,0.5363
2171,214,23,0.9549
2172,214,23,0.9798
2173,214,23,0.9972
2174,214,23,0.9982
2175,214,23,0.9985
2176,214,23,0.9994
2177,214,23,0.9988
2592,215,23,0.8642
2593,215,23,0.4248
2594,215,23,0.5483
2595,215,23,0.4493
2596,215,23,0.1899
2597,215,23,0.0148
2598,215,23,0.7201
2599,215,23,0.9225
2600,215,23,0.8272
2601,215,23,0.9698
2867,216,132,0.7545
2868,216,132,0.9479
2869,216,132,0.9839
2870,216,132,0.1688
2871,216,132,0.4371
334,210,23,0.9732
335,210,23,0.9784
336,210,23,0.5616
2178,214,23,0.4860
2179,214,23,0.9402
2180,214,23,0.9694
2181,214,23,0.8010
2182,214,23,0.9820
2183,214,23,0.2939
2184,214,23,0.1369
2185,214,23,0.8983
2186,214,23,0.9149
2187,214,23,0.3040
2602,215,107,0.9690
2603,215,107,0.2620
2604,215,107,0.9015
2872,216,132,0.9566
2873,216,132,0.7561
337,210,23,0.6697
338,210,23,0.9733
339,210,23,0.9863
340,210,23,0.5366
2188,214,23,0.9412
2189,214,23,0.0227
2190,214,23,0.1446
2191,214,23,0.1113
2192,214,23,0.0211
2193,214,23,0.2531
2194,214,23,0.2391
2195,214,23,0.9827
2196,214,23,0.9861
2197,214,23,0.9058
2605,215,107,0.8129
2606,215,107,0.8080
2607,215,107,0.3180
2608,215,107,0.5178
2609,215,107,0.7074
2610,215,107,0.1186
2611,215,107,0.3449
2612,215,107,0.6953
2613,215,107,0.6269
2614,215,107,0.2259
2874,216,132,0.9334
2875,216,132,0.9807
2876,216,132,0.9809
2877,216,132,0.9903
2878,216,132,0.9947
2879,216,132,0.9904
2880,216,132,0.7576
2881,216,132,0.9830
2882,216,132,0.9855
2883,216,132,0.9864
341,210,23,0.3009
342,210,23,0.5566
2198,214,23,0.6368
2199,214,23,0.6770
2200,214,23,0.5834
2201,214,23,0.9543
2202,214,23,0.9309
2203,214,23,0.9864
2204,214,23,0.4337
2205,214,23,0.6993
2206,214,23,0.7977
2207,214,23,0.8262
2615,215,107,0.9004
2616,215,107,0.9852
2617,215,107,0.3990
2618,215,107,0.9200
2619,215,107,0.8000
2620,215,107,0.9451
2621,215,107,0.7863
2622,215,107,0.8127
2623,215,107,0.9888
2624,215,107,0.2258
2884,216,23,0.5881
2885,216,23,0.7671
2886,216,23,0.7614
2887,216,23,0.5986
2888,216,23,0.8709
2889,216,23,0.2182
2890,216,23,0.6937
2891,216,23,0.8750
2892,216,23,0.6513
2893,216,23,0.2482
343,210,23,0.8512
344,210,23,0.9941
345,210,23,0.8887
2208,214,23,0.8279
2209,214,23,0.9733
2210,214,23,0.8470
2211,214,23,0.9361
2212,214,23,0.9740
2213,214,23,0.6483
2214,214,23,0.9283
2215,214,23,0.2073
2216,214,23,0.8687
2217,214,23,0.8803
2625,215,107,0.9336
2626,215,107,0.9870
2627,215,107,0.9918
2628,215,107,0.9959
2629,215,107,0.9963
2630,215,107,0.9950
2631,215,107,0.9919
2632,215,107,0.9866
2633,215,107,0.0094
2634,215,107,0.8356
2894,216,23,0.9739
2895,216,23,0.9898
2896,216,23,0.4534
346,210,23,0.9722
347,210,23,0.1955
348,210,23,0.5533
349,210,23,0.8248
350,210,23,0.8305
351,210,23,0.9336
352,210,23,0.9006
353,210,23,0.4634
354,210,23,0.2142
355,210,23,0.7771
2218,214,23,0.7531
2219,214,23,0.5233
2220,214,23,0.8646
2221,214,23,0.3960
2222,214,23,0.9809
2223,214,23,0.9932
2224,214,23,0.9839
2225,214,23,0.9990
2226,214,23,0.9992
2227,214,23,0.9974
2635,215,43,0.8889
2636,215,43,0.9578
2637,215,43,0.6594
2638,215,43,0.0347
2639,215,43,0.8285
2640,215,43,0.3841
2897,216,23,0.4493
2898,216,23,0.8309
2899,216,23,0.9790
2900,216,23,0.9840
2901,216,23,0.9760
2902,216,23,0.2434
2903,216,23,0.9607
2904,216,23,0.9827
2905,216,23,0.9518
2906,216,23,0.9695
356,210,107,0.8136
357,210,107,0.8982
358,210,107,0.8294
359,210,107,0.9721
360,210,107,0.9904
361,210,107,0.9827
362,210,107,0.9944
363,210,107,0.9838
364,210,107,0.7416
365,210,107,0.9931
2228,214,23,0.9617
2229,214,23,0.9260
2230,214,23,0.1811
2231,214,23,0.9791
2232,214,23,0.8815
2233,214,23,0.9474
2234,214,23,0.9864
2235,214,23,0.9599
2236,214,23,0.5309
2237,214,23,0.9152
2641,215,43,0.0814
2642,215,43,0.8821
2907,216,107,0.9807
2908,216,107,0.9863
2909,216,107,0.9853
2910,216,107,0.9962
2911,216,107,0.9949
2912,216,107,0.9784
2913,216,107,0.9870
2914,216,107,0.9819
2915,216,107,0.1129
2916,216,107,0.9722
366,210,43,0.2853
367,210,43,0.9827
368,210,43,0.9671
369,210,43,0.7577
370,210,43,0.1356
371,210,43,0.9753
372,210,43,0.8911
373,210,43,0.4927
374,210,43,0.4204
375,210,43,0.8261
2238,214,23,0.9743
2239,214,23,0.8886
2240,214,23,0.4621
2241,214,23,0.5435
2242,214,23,0.9817
2243,214,23,0.9935
2244,214,23,0.9947
2245,214,23,0.9898
2246,214,23,0.9937
2247,214,23,0.9975
2643,215,43,0.8163
2644,215,43,0.8192
2645,215,43,0.4875
2646,215,43,0.9865
2647,215,43,0.9949
2648,215,43,0.9955
2649,215,43,0.0267
2917,216,107,0.4730
2918,216,107,0.9293
2919,216,107,0.7016
2920,216,107,0.9462
2921,216,107,0.2275
2922,216,107,0.2148
2923,216,107,0.9388
2924,216,107,0.7294
2925,216,107,0.9733
2926,216,107,0.9771
376,210,43,0.9762
377,210,43,0.9760
378,210,43,0.9170
379,210,43,0.9832
380,210,43,0.7387
381,210,43,0.9141
382,210,43,0.2248
383,210,43,0.9491
384,210,43,0.5627
385,210,43,0.8341
2248,214,23,0.9140
2249,214,23,0.7003
2250,214,23,0.9143
2251,214,23,0.9839
2252,214,23,0.9929
2253,214,23,0.9612
2254,214,23,0.9927
2255,214,23,0.9955
2256,214,23,0.9973
2257,214,23,0.9955
2650,215,43,0.6297
2651,215,43,0.3815
2652,215,43,0.8494
2653,215,43,0.9734
2654,215,43,0.6592
2655,215,43,0.9763
2656,215,43,0.9845
2657,215,43,0.9965
2658,215,43,0.9507
2927,216,107,0.9533
2928,216,107,0.9885
2929,216,107,0.9961
2930,216,107,0.9604
2931,216,107,0.9964
2932,216,107,0.9586
2933,216,107,0.1525
2934,216,107,0.9943
2935,216,107,0.9961
386,210,43,0.8317
387,210,43,0.9878
388,210,43,0.4921
389,210,43,0.7620
390,210,43,0.7984
391,210,43,0.9517
392,210,43,0.3765
393,210,43,0.8932
394,210,43,0.5489
395,210,43,0.7931
2258,214,23,0.7726
2259,214,23,0.8347
2260,214,23,0.8825
2261,214,23,0.5923
2262,214,23,0.2989
2263,214,23,0.9810
2264,214,23,0.9974
2265,214,23,0.9980
2266,214,23,0.9983
2267,214,23,0.9974
2659,215,17,0.8854
2660,215,17,0.1965
2661,215,17,0.6433
2936,216,43,0.9784
2937,216,43,0.2850
2938,216,43,0.9447
2939,216,43,0.9891
2940,216,43,0.9333
2941,216,43,0.9646
2942,216,43,0.2195
2943,216,43,0.9009
2944,216,43,0.8041
2945,216,43,0.2197
396,210,43,0.8806
397,210,43,0.9908
398,210,43,0.9760
399,210,43,0.0658
400,210,43,0.7412
401,210,43,0.9876
402,210,43,0.9674
403,210,43,0.9934
404,210,43,0.8911
405,210,43,0.3329
2268,214,23,0.4903
2269,214,23,0.2817
2270,214,23,0.2046
2271,214,23,0.2968
2272,214,23,0.9900
2273,214,23,0.9992
2274,214,23,0.9992
2275,214,23,0.9993
2276,214,23,0.9983
2277,214,23,0.9993
2662,215,17,0.9410
2663,215,17,0.0936
2664,215,17,0.5973
2946,216,43,0.9893
2947,216,43,0.9302
2948,216,43,0.9875
2949,216,43,0.9858
2950,216,43,0.8756
2951,216,43,0.9699
2952,216,43,0.9854
2953,216,43,0.9356
2954,216,43,0.9898
2955,216,43,0.7583
406,210,43,0.6719
407,210,43,0.9907
408,210,43,0.9058
409,210,43,0.8982
410,210,43,0.8441
411,210,43,0.9862
412,210,43,0.8321
413,210,43,0.5520
414,210,43,0.6793
415,210,43,0.3613
2278,214,23,0.7254
2279,214,23,0.3392
2280,214,23,0.7272
2281,214,23,0.9802
2282,214,23,0.9951
2283,214,23,0.9982
2284,214,23,0.9971
2285,214,23,0.9955
2286,214,23,0.9954
2287,214,23,0.9872
2665,215,17,0.9817
2666,215,17,0.2085
2667,215,17,0.2575
2956,216,17,0.5315
2957,216,17,0.7213
2958,216,17,0.8882
2959,216,17,0.7543
2960,216,17,0.1655
2961,216,17,0.0445
2962,216,17,0.5427
2963,216,17,0.0686
2964,216,17,0.9886
2965,216,17,0.9677
416,210,43,0.8377
417,210,43,0.8362
418,210,43,0.8788
419,210,43,0.9864
420,210,43,0.1006
421,210,43,0.4628
422,210,43,0.9935
423,210,43,0.0203
424,210,43,0.5159
2288,214,23,0.6280
2289,214,23,0.8870
2290,214,23,0.2192
2291,214,23,0.8350
2292,214,23,0.9854
2293,214,23,0.9979
2294,214,23,0.9991
2295,214,23,0.9977
2296,214,23,0.9986
2297,214,23,0.9973
2668,215,17,0.1044
2669,215,17,0.6173
2670,215,17,0.1631
2966,216,17,0.6129
2967,216,17,0.6809
2968,216,17,0.9083
2969,216,17,0.6899
2970,216,17,0.8851
2971,216,17,0.7244
2972,216,17,0.9534
2973,216,17,0.9024
2974,216,17,0.9283
2975,216,17,0.8521
425,210,43,0.9436
426,210,43,0.9872
427,210,43,0.9630
428,210,43,0.8775
429,210,43,0.4719
430,210,43,0.4038
431,210,43,0.9788
432,210,43,0.9541
433,210,43,0.4791
434,210,43,0.7503
2298,214,23,0.4923
2299,214,23,0.1887
2300,214,23,0.6892
2301,214,23,0.7698
2302,214,23,0.9546
2303,214,23,0.9133
2304,214,23,0.8415
2305,214,23,0.9700
2306,214,23,0.9942
2307,214,23,0.9963
2671,215,17,0.0463
2672,215,17,0.2374
2673,215,17,0.9749
2674,215,17,0.8193
2675,215,17,0.9476
2676,215,17,0.0243
2677,215,17,0.4724
2678,215,17,0.4788
2976,216,17,0.8463
2977,216,17,0.4267
2978,216,17,0.4048
2979,216,17,0.9641
2980,216,17,0.9427
2981,216,17,0.9234
2982,216,17,0.7616
2983,216,17,0.9039
2984,216,17,0.9822
2985,216,17,0.7587
435,210,43,0.9144
436,210,43,0.5690
437,210,43,0.7950
438,210,43,0.9744
439,210,43,0.7417
440,210,43,0.5898
441,210,43,0.9024
442,210,43,0.9668
443,210,43,0.9826
2308,214,23,0.8200
2309,214,23,0.4431
2310,214,23,0.7334
2311,214,23,0.7751
2312,214,23,0.9943
2313,214,23,0.9791
2314,214,23,0.9910
2315,214,23,0.9975
2316,214,23,0.9957
2317,214,23,0.9970
2679,215,17,0.9100
2680,215,17,0.9701
2681,215,17,0.7969
2986,216,17,0.7974
2987,216,17,0.9829
2988,216,17,0.8863
2989,216,17,0.9688
2990,216,17,0.8944
2991,216,17,0.9789
2992,216,17,0.9888
2993,216,17,0.0204
2994,216,17,0.8300
2995,216,17,0.2492
444,210,17,0.9404
445,210,17,0.9018
446,210,17,0.4830
447,210,17,0.5382
448,210,17,0.9353
449,210,17,0.8451
450,210,17,0.0848
451,210,17,0.8295
452,210,17,0.2365
453,210,17,0.0830
2318,214,23,0.8196
2319,214,23,0.6015
2320,214,23,0.3506
2321,214,23,0.3916
2322,214,23,0.6714
2323,214,23,0.9576
2324,214,23,0.9767
2325,214,23,0.9969
2326,214,23,0.9938
2327,214,23,0.9956
2682,215,17,0.9493
2683,215,17,0.9422
2684,215,17,0.7408
2685,215,17,0.8273
2686,215,17,0.1190
2687,215,17,0.4436
2688,215,17,0.4901
2689,215,17,0.6464
2690,215,17,0.3381
2691,215,17,0.8619
2996,216,17,0.6548
2997,216,17,0.7968
2998,216,17,0.9829
2999,216,17,0.9964
3000,216,17,0.9941
3001,216,17,0.9769
3002,216,17,0.9208
3003,216,17,0.4732
3004,216,17,0.2987
3005,216,17,0.9741
454,210,17,0.6258
455,210,17,0.6150
456,210,17,0.9165
457,210,17,0.9943
458,210,17,0.9961
459,210,17,0.9893
460,210,17,0.8869
461,210,17,0.9759
462,210,17,0.9922
463,210,17,0.9858
2328,214,23,0.8938
2329,214,23,0.9714
2330,214,23,0.9717
2331,214,23,0.6145
2332,214,23,0.2659
2333,214,23,0.9988
2334,214,23,0.9991
2335,214,23,0.9990
2336,214,23,0.9989
2337,214,23,0.9965
2692,215,17,0.9056
2693,215,17,0.8494
2694,215,17,0.9686
2695,215,17,0.8597
2696,215,17,0.8011
2697,215,17,0.7956
2698,215,17,0.1982
3006,216,17,0.7019
3007,216,17,0.5130
3008,216,17,0.8989
3009,216,17,0.9746
3010,216,17,0.9832
3011,216,17,0.8872
3012,216,17,0.9727
3013,216,17,0.4280
3014,216,17,0.5518
3015,216,17,0.9779
464,210,17,0.7514
465,210,17,0.9271
466,210,17,0.9438
467,210,17,0.8068
468,210,17,0.4360
469,210,17,0.8816
470,210,17,0.6827
471,210,17,0.9872
472,210,17,0.0259
473,210,17,0.0656
2338,214,23,0.9323
2339,214,23,0.0650
2340,214,23,0.9655
2341,214,23,0.9930
2342,214,23,0.2351
2343,214,23,0.5828
2344,214,23,0.8601
2345,214,23,0.9709
2346,214,23,0.9973
2347,214,23,0.9973
2699,215,17,0.1883
2700,215,17,0.4892
3016,216,93,0.9573
3017,216,93,0.8705
3018,216,93,0.9767
3019,216,93,0.9662
3020,216,93,0.9873
3021,216,93,0.8273
3022,216,93,0.1814
3023,216,93,0.9807
3024,216,93,0.8061
3025,216,93,0.9476
474,210,17,0.6660
475,210,17,0.9605
476,210,17,0.9071
477,210,17,0.5505
478,210,17,0.9926
479,210,17,0.8798
480,210,17,0.8281
481,210,17,0.2795
482,210,17,0.9789
2348,214,23,0.3086
2349,214,23,0.1985
2350,214,23,0.4740
2351,214,23,0.5441
2352,214,23,0.9977
2353,214,23,0.9992
2354,214,23,0.9982
2355,214,23,0.9967
2356,214,23,0.9961
2357,214,23,0.9930
2701,215,17,0.4720
2702,215,17,0.4590
3026,216,93,0.5392
3027,216,93,0.9498
3028,216,93,0.7211
3029,216,93,0.9822
3030,216,93,0.2335
3031,216,93,0.9605
3032,216,93,0.9825
3033,216,93,0.7098
3034,216,93,0.9103
3035,216,93,0.9919
483,210,93,0.7605
484,210,93,0.9728
485,210,93,0.9560
486,210,93,0.9964
487,210,93,0.9352
488,210,93,0.8973
489,210,93,0.9876
490,210,93,0.9902
491,210,93,0.9954
492,210,93,0.0154
2358,214,23,0.7313
2359,214,23,0.1617
2360,214,23,0.7303
2361,214,23,0.7115
2362,214,23,0.8577
2363,214,23,0.9936
2364,214,23,0.9693
2365,214,23,0.9910
2366,214,23,0.9137
2703,215,17,0.8759
2704,215,17,0.6514
2705,215,17,0.7966
2706,215,17,0.9890
2707,215,17,0.9806
2708,215,17,0.9424
2709,215,17,0.9429
2710,215,17,0.9328
2711,215,17,0.0556
3036,216,93,0.9300
3037,216,93,0.9409
3038,216,93,0.7784
3039,216,93,0.9858
3040,216,93,0.2892
3041,216,93,0.9313
3042,216,93,0.9776
3043,216,93,0.9961
3044,216,93,0.9947
3045,216,93,0.9951
493,210,23,0.9186
494,210,23,0.1183
495,210,23,0.1719
496,210,23,0.8878
497,210,23,0.0928
498,210,23,0.7776
499,210,23,0.6692
500,210,23,0.8608
501,210,23,0.8325
502,210,23,0.9170
2367,214,107,0.9036
2368,214,107,0.9887
2369,214,107,0.9966
2370,214,107,0.5218
2371,214,107,0.9616
2372,214,107,0.9932
2373,214,107,0.9431
2374,214,107,0.9572
2375,214,107,0.9959
2712,215,17,0.5184
2713,215,17,0.9747
2714,215,17,0.2930
2715,215,17,0.9597
2716,215,17,0.9613
3046,216,93,0.5022
3047,216,93,0.8580
3048,216,93,0.9231
3049,216,93,0.6449
3050,216,93,0.7260
3051,216,93,0.4323
3052,216,93,0.8585
3053,216,93,0.7797
3054,216,93,0.9803
3055,216,93,0.7841
503,210,23,0.2940
504,210,23,0.9626
505,210,23,0.1021
506,210,23,0.9466
507,210,23,0.9371
508,210,23,0.0617
509,210,23,0.9819
510,210,23,0.9886
511,210,23,0.3479
512,210,23,0.9748
2376,214,43,0.9858
2377,214,43,0.9661
2378,214,43,0.6186
2379,214,43,0.2557
2380,214,43,0.9754
2381,214,43,0.9706
2382,214,43,0.6761
2383,214,43,0.9481
2384,214,43,0.9730
2385,214,43,0.9805
2717,215,17,0.8841
2718,215,17,0.9756
2719,215,17,0.9166
2720,215,17,0.8987
2721,215,17,0.1671
3056,216,93,0.8527
3057,216,93,0.5218
3058,216,93,0.9589
3059,216,93,0.2154
3060,216,93,0.6443
3061,216,93,0.9622
3062,216,93,0.6137
3063,216,93,0.9072
3064,216,93,0.6896
3065,216,93,0.9450
513,210,23,0.9566
514,210,23,0.8108
515,210,23,0.9808
516,210,23,0.9535
517,210,23,0.1897
518,210,23,0.9087
519,210,23,0.0709
520,210,23,0.1986
521,210,23,0.9924
522,210,23,0.9943
2386,214,43,0.9702
2387,214,43,0.6039
2388,214,43,0.7964
2389,214,43,0.9222
2390,214,43,0.9467
2391,214,43,0.6381
2392,214,43,0.9467
2393,214,43,0.6996
2394,214,43,0.9610
2395,214,43,0.9919
2722,215,17,0.9743
2723,215,17,0.9476
2724,215,17,0.9863
2725,215,17,0.1099
2726,215,17,0.2705
3066,216,93,0.4455
3067,216,93,0.6914
3068,216,93,0.1931
3069,216,93,0.7783
3070,216,93,0.8704
3071,216,93,0.9421
3072,216,93,0.9616
3073,216,93,0.9588
3074,216,93,0.7986
3075,216,93,0.5044
523,210,23,0.8950
524,210,23,0.9719
525,210,23,0.8307
526,210,23,0.5738
527,210,23,0.7840
528,210,23,0.9887
529,210,23,0.9945
530,210,23,0.9789
531,210,23,0.9831
532,210,23,0.9938
2396,214,43,0.9546
2397,214,43,0.1936
2398,214,43,0.2952
2399,214,43,0.9919
2400,214,43,0.9904
2401,214,43,0.9986
2402,214,43,0.9949
2403,214,43,0.9896
2404,214,43,0.9968
2405,214,43,0.9975
2727,215,17,0.8277
2728,215,17,0.7277
3076,216,93,0.6671
3077,216,93,0.9284
3078,216,93,0.9878
3079,216,93,0.4743
3080,216,93,0.9504
3081,216,93,0.9060
3082,216,93,0.7050
3083,216,93,0.8869
3084,216,93,0.4607
3085,216,93,0.9825
533,210,23,0.9561
534,210,23,0.9071
535,210,23,0.1316
536,210,23,0.9541
537,210,23,0.9974
538,210,23,0.9993
539,210,23,0.9944
540,210,23,0.9952
541,210,23,0.9964
542,210,23,0.9799
2406,214,43,0.7030
2407,214,43,0.8806
2408,214,43,0.9422
2409,214,43,0.8254
2410,214,43,0.6911
2411,214,43,0.9459
2412,214,43,0.0968
2413,214,43,0.9668
2414,214,43,0.9857
2415,214,43,0.9908
2729,215,17,0.8374
2730,215,17,0.9752
2731,215,17,0.2671
3086,217,132,0.9453
543,210,23,0.1842
544,210,23,0.0608
545,210,23,0.9193
546,210,23,0.2137
547,210,23,0.9678
548,210,23,0.3523
549,210,23,0.8447
550,210,23,0.5923
551,210,23,0.9510
552,210,23,0.9022
2416,214,43,0.2357
2417,214,43,0.9650
2418,214,43,0.8977
2419,214,43,0.9950
2420,214,43,0.2114
2421,214,43,0.6837
2422,214,43,0.9514
2423,214,43,0.9766
2424,214,43,0.9983
2425,214,43,0.9988
2732,215,17,0.6382
2733,215,17,0.8611
2734,215,17,0.8627
2735,215,17,0.9871
2736,215,17,0.9751
2737,215,17,0.6860
2738,215,17,0.6987
2739,215,17,0.8935
3087,217,132,0.1136
3088,217,132,0.3481
3089,217,132,0.9895
3090,217,132,0.6336
3091,217,132,0.0219
3092,217,132,0.9701
3093,217,132,0.7582
553,210,23,0.8791
554,210,23,0.3881
555,210,23,0.8298
556,210,23,0.4033
557,210,23,0.9053
558,210,23,0.8699
559,210,23,0.9271
560,210,23,0.8302
561,210,23,0.9406
562,210,23,0.6954
2426,214,43,0.9280
2427,214,43,0.9061
2428,214,43,0.9736
2429,214,43,0.9873
2430,214,43,0.4204
2431,214,43,0.9359
2432,214,43,0.8310
2433,214,43,0.9697
2434,214,43,0.9296
2740,215,17,0.9206
2741,215,17,0.9526
2742,215,17,0.9507
2743,215,17,0.9858
2744,215,17,0.9842
2745,215,17,0.9574
2746,215,17,0.9845
2747,215,17,0.0416
2748,215,17,0.0245
2749,215,17,0.2682
3094,217,132,0.9038
3095,217,132,0.9903
3096,217,132,0.9365
3097,217,132,0.9854
3098,217,132,0.1227
3099,217,132,0.4486
563,210,23,0.2069
564,210,23,0.0794
565,210,23,0.0673
566,210,23,0.5087
567,210,23,0.6347
568,210,23,0.8251
569,210,23,0.7919
570,210,23,0.9682
571,210,23,0.8501
572,210,23,0.9518
2435,214,17,0.6229
2436,214,17,0.0817
2437,214,17,0.7960
2438,214,17,0.7702
2439,214,17,0.9769
2440,214,17,0.9281
2441,214,17,0.5515
2442,214,17,0.9031
2443,214,17,0.9899
2444,214,17,0.9986
2750,215,17,0.8739
2751,215,17,0.3029
2752,215,17,0.9738
2753,215,17,0.9918
2754,215,17,0.9870
2755,215,17,0.9904
2756,215,17,0.9726
2757,215,17,0.9895
2758,215,17,0.8453
2759,215,17,0.2590
3100,217,132,0.8959
3101,217,132,0.9752
3102,217,132,0.9249
3103,217,132,0.0801
3104,217,132,0.2470
573,210,23,0.7928
574,210,23,0.1143
575,210,23,0.2176
576,210,23,0.7149
577,210,23,0.9017
578,210,23,0.9735
579,210,23,0.8128
580,210,23,0.9479
581,210,23,0.7831
582,210,23,0.9902
2445,214,17,0.8949
2446,214,17,0.9026
2447,214,17,0.8832
2448,214,17,0.3893
2449,214,17,0.5172
2450,214,17,0.3750
2451,214,17,0.9812
2452,214,17,0.7828
2453,214,17,0.8990
2454,214,17,0.9883
2760,215,17,0.9289
2761,215,17,0.5970
3105,217,132,0.0292
3106,217,132,0.6922
583,210,23,0.1024
584,210,23,0.0772
585,210,23,0.4993
586,210,23,0.0561
587,210,23,0.7955
588,210,23,0.6792
589,210,23,0.2128
590,210,23,0.3654
591,210,23,0.2725
592,210,23,0.7481
2455,214,93,0.9479
2456,214,93,0.1939
2457,214,93,0.5116
2458,214,93,0.4981
2459,214,93,0.9699
2460,214,93,0.4261
2461,214,93,0.8751
2462,214,93,0.9680
2463,214,93,0.9978
2464,214,93,0.9991
2762,215,17,0.1647
2763,215,17,0.6395
3107,217,132,0.9736
3108,217,132,0.1636
3109,217,132,0.0878
3110,217,132,0.9362
3111,217,132,0.8762
3112,217,132,0.5804
3113,217,132,0.2011
593,210,23,0.4083
594,210,23,0.5178
595,210,23,0.9181
596,210,23,0.8744
597,210,23,0.9492
598,210,23,0.7644
599,210,23,0.6895
600,210,23,0.5607
601,210,23,0.7896
602,210,23,0.7007
2465,214,93,0.5178
2466,214,93,0.5292
2467,214,93,0.7537
2468,214,93,0.8917
2469,214,93,0.9624
2470,214,93,0.9808
2471,214,93,0.9925
2472,214,93,0.9934
2473,214,93,0.9897
2474,214,93,0.9911
2764,215,17,0.9096
2765,215,17,0.0447
2766,215,17,0.5711
2767,215,17,0.9432
2768,215,17,0.6716
3114,217,132,0.9647
3115,217,132,0.9728
3116,217,132,0.5593
3117,217,132,0.7560
3118,217,132,0.5482
3119,217,132,0.5395
3120,217,132,0.9865
3121,217,132,0.9905
3122,217,132,0.9911
3123,217,132,0.9371
603,210,23,0.2068
604,210,23,0.4274
605,210,23,0.0801
606,210,23,0.4921
607,210,23,0.4560
608,210,23,0.8924
609,210,23,0.6540
610,210,23,0.9650
611,210,23,0.8687
612,210,23,0.9851
2475,214,93,0.8480
2476,214,93,0.2555
2477,214,93,0.9013
2478,214,93,0.9968
2479,214,93,0.9760
2480,214,93,0.8595
2481,214,93,0.9516
2482,214,93,0.9637
2483,214,93,0.9959
2484,214,93,0.9961
2769,215,17,0.8750
2770,215,17,0.2450
3124,217,132,0.9588
3125,217,132,0.2431
3126,217,132,0.5917
3127,217,132,0.5491
613,210,23,0.2323
614,210,23,0.1353
615,210,23,0.1391
616,210,23,0.8589
617,210,23,0.8828
618,210,23,0.9838
619,210,23,0.8986
620,210,23,0.9853
621,210,23,0.7873
622,210,23,0.9735
2485,214,93,0.8954
2486,214,93,0.8046
2487,214,93,0.9781
2488,214,93,0.9761
2489,214,93,0.9595
2490,214,93,0.9778
2491,214,93,0.9716
2492,214,93,0.9952
2493,214,93,0.9299
2494,214,93,0.9957
2771,215,17,0.8471
2772,215,17,0.9656
2773,215,17,0.4565
2774,215,17,0.8276
2775,215,17,0.9550
2776,215,17,0.1224
3128,217,132,0.7538
3129,217,132,0.6957
3130,217,132,0.7377
3131,217,132,0.3386
3132,217,132,0.9809
3133,217,132,0.9839
3134,217,132,0.9375
3135,217,132,0.7810
3136,217,132,0.4085
623,210,23,0.6268
624,210,23,0.4722
625,210,23,0.5606
626,210,23,0.7483
627,210,23,0.9390
628,210,23,0.9077
629,210,23,0.8359
630,210,23,0.9565
631,210,23,0.6518
632,210,23,0.9088
2495,214,93,0.4952
2777,215,17,0.9584
2778,215,17,0.9717
2779,215,17,0.1978
3137,217,132,0.5822
3138,217,132,0.9525
3139,217,132,0.8474
3140,217,132,0.9431
3141,217,132,0.7665
3142,217,132,0.9940
633,210,23,0.6587
634,210,23,0.5499
635,210,23,0.3284
636,210,23,0.5685
637,210,23,0.2427
638,210,23,0.8412
639,210,23,0.5326
640,210,23,0.9280
641,210,23,0.8523
642,210,23,0.9836
2496,214,93,0.8047
2497,214,93,0.0470
2498,214,93,0.5353
2499,214,93,0.9576
2500,214,93,0.9940
2501,214,93,0.9901
2502,214,93,0.9795
2503,214,93,0.9829
2504,214,93,0.9956
2505,214,93,0.9960
2780,215,17,0.9201
2781,215,17,0.9904
2782,215,17,0.9792
2783,215,17,0.9683
2784,215,17,0.8575
2785,215,17,0.9230
2786,215,17,0.0307
2787,215,17,0.8789
2788,215,17,0.9814
2789,215,17,0.7288
3143,217,132,0.8857
3144,217,132,0.9397
3145,217,132,0.6604
3146,217,132,0.9909
3147,217,132,0.9428
3148,217,132,0.9928
3149,217,132,0.6273
3150,217,132,0.9797
3151,217,132,0.9848
3152,217,132,0.7576
643,210,23,0.6060
644,210,23,0.0521
645,210,23,0.5519
646,210,23,0.8760
647,210,23,0.9278
648,210,23,0.9172
649,210,23,0.9738
650,210,23,0.9778
651,210,23,0.9200
652,210,23,0.5879
2790,215,93,0.9192
2791,215,93,0.9805
2792,215,93,0.8655
2793,215,93,0.9865
2794,215,93,0.9851
2795,215,93,0.9882
2796,215,93,0.9682
2797,215,93,0.9942
2798,215,93,0.7154
3153,217,23,0.7578
3154,217,23,0.9595
3155,217,23,0.9772
3156,217,23,0.7865
3157,217,23,0.2454
3158,217,23,0.3322
3159,217,23,0.4488
3160,217,23,0.7076
3161,217,23,0.3719
3162,217,23,0.6015
3453,218,132,0.8969
3454,218,132,0.9274
3455,218,132,0.1195
653,210,23,0.3093
654,210,23,0.1264
655,210,23,0.5481
656,210,23,0.6280
657,210,23,0.7149
658,210,23,0.9455
659,210,23,0.9155
660,210,23,0.9876
661,210,23,0.8592
662,210,23,0.9861
2799,215,23,0.4052
2800,215,23,0.9378
2801,215,23,0.7468
2802,215,23,0.9701
2803,215,23,0.8030
2804,215,23,0.5254
3163,217,23,0.8866
3164,217,23,0.8887
3165,217,23,0.5964
3166,217,23,0.9353
3167,217,23,0.9572
3168,217,23,0.9971
3169,217,23,0.9950
3170,217,23,0.9956
3171,217,23,0.9928
3172,217,23,0.9711
3456,218,132,0.9112
3457,218,132,0.0124
3458,218,132,0.5470
3459,218,132,0.9752
3460,218,132,0.9112
3461,218,132,0.9518
3462,218,132,0.9924
3463,218,132,0.9974
3464,218,132,0.0963
3465,218,132,0.9938
663,210,23,0.0820
664,210,23,0.1549
665,210,23,0.1136
666,210,23,0.4244
667,210,23,0.5810
668,210,23,0.8736
669,210,23,0.8352
670,210,23,0.9785
671,210,23,0.1137
672,210,23,0.2764
3173,217,23,0.7989
3174,217,23,0.8552
3175,217,23,0.9205
3176,217,23,0.9732
3177,217,23,0.9940
3178,217,23,0.9857
3179,217,23,0.9964
3180,217,23,0.9930
3181,217,23,0.9945
3182,217,23,0.9963
3466,218,132,0.8779
3467,218,132,0.9133
3468,218,132,0.9664
3469,218,132,0.9700
3470,218,132,0.9676
3471,218,132,0.8037
3472,218,132,0.8806
3473,218,132,0.9814
3474,218,132,0.9936
3475,218,132,0.9737
3545,219,132,0.8492
3546,219,132,0.8699
3547,219,132,0.9731
3548,219,132,0.9666
3549,219,132,0.7427
3550,219,132,0.9886
3551,219,132,0.9869
3552,219,132,0.9952
3553,219,132,0.9707
3554,219,132,0.9880
673,210,23,0.1873
674,210,23,0.1392
675,210,23,0.9720
676,210,23,0.9533
677,210,23,0.9345
678,210,23,0.8310
679,210,23,0.8760
680,210,23,0.9618
681,210,23,0.8486
682,210,23,0.9564
3183,217,23,0.9460
3184,217,23,0.2869
3185,217,23,0.9541
3186,217,23,0.9985
3187,217,23,0.9919
3188,217,23,0.9972
3189,217,23,0.9987
3190,217,23,0.9964
3191,217,23,0.9898
3192,217,23,0.9947
3476,218,23,0.9719
3477,218,23,0.7625
3478,218,23,0.8117
3479,218,23,0.8867
3480,218,23,0.9545
3481,218,23,0.8742
3482,218,23,0.1665
3483,218,23,0.9869
3484,218,23,0.9966
3485,218,23,0.8818
3555,219,23,0.9382
3556,219,23,0.7155
3557,219,23,0.4367
3558,219,23,0.9043
3559,219,23,0.4460
3560,219,23,0.7688
3561,219,23,0.1579
3562,219,23,0.9836
3563,219,23,0.0432
3564,219,23,0.8306
683,210,23,0.1745
684,210,23,0.1444
685,210,23,0.3013
686,210,23,0.4359
687,210,23,0.2765
688,210,23,0.5687
689,210,23,0.6585
690,210,23,0.9684
691,210,23,0.7166
692,210,23,0.9810
3193,217,23,0.5581
3194,217,23,0.4665
3195,217,23,0.2189
3196,217,23,0.9933
3197,217,23,0.9983
3198,217,23,0.9946
3199,217,23,0.9919
3200,217,23,0.9845
3201,217,23,0.0116
3202,217,23,0.5921
3486,218,107,0.5579
3487,218,107,0.8426
3488,218,107,0.9899
3489,218,107,0.8355
3490,218,107,0.9882
3491,218,107,0.2971
3492,218,107,0.9516
3493,218,107,0.8827
3494,218,107,0.9804
3495,218,107,0.7893
3565,219,23,0.7338
3566,219,23,0.9109
3567,219,23,0.9948
3568,219,23,0.0859
3569,219,23,0.7172
3570,219,23,0.8613
3571,219,23,0.9383
3572,219,23,0.4717
3573,219,23,0.7959
3574,219,23,0.6693
693,210,23,0.7626
694,210,23,0.3008
695,210,23,0.9167
696,210,23,0.9685
697,210,23,0.8818
698,210,23,0.8395
699,210,23,0.2767
700,210,23,0.9572
701,210,23,0.9301
702,210,23,0.0191
3203,217,23,0.8215
3204,217,23,0.2854
3205,217,23,0.8725
3206,217,23,0.9510
3207,217,23,0.0192
3208,217,23,0.9656
3209,217,23,0.9434
3210,217,23,0.9863
3211,217,23,0.1120
3212,217,23,0.6838
3496,218,43,0.9696
3497,218,43,0.9589
3498,218,43,0.9894
3499,218,43,0.9744
3500,218,43,0.9494
3501,218,43,0.9295
3502,218,43,0.8254
3503,218,43,0.9270
3504,218,43,0.8232
3505,218,43,0.9084
3575,219,23,0.4292
3576,219,23,0.9516
3577,219,23,0.9866
3578,219,23,0.9328
3579,219,23,0.0600
3580,219,23,0.7914
3581,219,23,0.2844
3582,219,23,0.7814
3583,219,23,0.6811
3584,219,23,0.9163
703,210,23,0.3176
704,210,23,0.6724
705,210,23,0.8007
706,210,23,0.8373
707,210,23,0.0415
708,210,23,0.8997
709,210,23,0.2561
710,210,23,0.4438
711,210,23,0.1435
712,210,23,0.7581
3213,217,23,0.5063
3214,217,23,0.4582
3215,217,23,0.9876
3216,217,23,0.9921
3217,217,23,0.9909
3218,217,23,0.9933
3219,217,23,0.9945
3220,217,23,0.9980
3221,217,23,0.9950
3222,217,23,0.9958
3506,218,43,0.8490
3507,218,43,0.9753
3508,218,43,0.9726
3509,218,43,0.9467
3510,218,43,0.9422
3511,218,43,0.9371
3512,218,43,0.8211
3513,218,43,0.4216
3514,218,43,0.9800
3585,219,23,0.6288
3586,219,23,0.9739
3587,219,23,0.1059
3588,219,23,0.8881
3589,219,23,0.6739
3590,219,23,0.1613
3591,219,23,0.8671
3592,219,23,0.8765
3593,219,23,0.9307
3594,219,23,0.3445
713,210,23,0.4141
714,210,23,0.7539
715,210,23,0.9013
716,210,23,0.7816
717,210,23,0.9715
718,210,23,0.9412
719,210,23,0.9646
720,210,23,0.9153
721,210,23,0.9801
722,210,23,0.8240
3223,217,23,0.3486
3224,217,23,0.3229
3225,217,23,0.7006
3226,217,23,0.3014
3227,217,23,0.2486
3228,217,23,0.6557
3229,217,23,0.8524
3230,217,23,0.4820
3231,217,23,0.8939
3232,217,23,0.4544
3515,218,17,0.9523
3516,218,17,0.9873
3517,218,17,0.0135
3518,218,17,0.2608
3519,218,17,0.7925
3520,218,17,0.9853
3521,218,17,0.9847
3522,218,17,0.8975
3523,218,17,0.9811
3524,218,17,0.9015
3595,219,23,0.5014
3596,219,23,0.7651
3597,219,23,0.4404
3598,219,23,0.7629
3599,219,23,0.9419
3600,219,23,0.9279
3601,219,23,0.9568
3602,219,23,0.9511
3603,219,23,0.0401
3604,219,23,0.8251
723,210,23,0.1375
724,210,23,0.4502
725,210,23,0.1144
726,210,23,0.7767
727,210,23,0.3096
728,210,23,0.7698
729,210,23,0.8031
730,210,23,0.8853
731,210,23,0.2342
732,210,23,0.8263
3233,217,23,0.8792
3234,217,23,0.5987
3235,217,23,0.7962
3236,217,23,0.9898
3237,217,23,0.9851
3238,217,23,0.9887
3239,217,23,0.9926
3240,217,23,0.9922
3241,217,23,0.9908
3242,217,23,0.9924
3525,218,17,0.7597
3526,218,17,0.9670
3527,218,17,0.9801
3528,218,17,0.9775
3529,218,17,0.6448
3530,218,17,0.8347
3531,218,17,0.5028
3532,218,17,0.9605
3533,218,17,0.8873
3534,218,17,0.6174
3605,219,23,0.6449
3606,219,23,0.4800
3607,219,23,0.7329
3608,219,23,0.9537
3609,219,23,0.9884
3610,219,23,0.9463
3611,219,23,0.9777
3612,219,23,0.9168
3613,219,23,0.0561
3614,219,23,0.5419
733,210,23,0.1243
734,210,23,0.6993
735,210,23,0.1798
736,210,23,0.4073
737,210,23,0.6351
738,210,23,0.8384
739,210,23,0.4382
740,210,23,0.7917
741,210,23,0.8163
742,210,23,0.9375
3243,217,23,0.8060
3244,217,23,0.9142
3245,217,23,0.9975
3246,217,23,0.9981
3247,217,23,0.9961
3248,217,23,0.9971
3249,217,23,0.9938
3250,217,23,0.9978
3251,217,23,0.9981
3252,217,23,0.9965
3535,218,93,0.4159
3536,218,93,0.9303
3537,218,93,0.9937
3538,218,93,0.9806
3539,218,93,0.9903
3540,218,93,0.9950
3541,218,93,0.9836
3542,218,93,0.9847
3543,218,93,0.9454
3544,218,93,0.9154
3615,219,23,0.8483
3616,219,23,0.6440
3617,219,23,0.9415
3618,219,23,0.4577
3619,219,23,0.9570
3620,219,23,0.9172
3621,219,23,0.9363
3622,219,23,0.0271
3623,219,23,0.9022
3624,219,23,0.9194
743,210,23,0.5250
744,210,23,0.6288
745,210,23,0.4939
746,210,23,0.7924
747,210,23,0.8338
748,210,23,0.8734
749,210,23,0.9253
750,210,23,0.9251
751,210,23,0.7865
752,210,23,0.5691
3253,217,23,0.4225
3254,217,23,0.3064
3255,217,23,0.7062
3256,217,23,0.9263
3257,217,23,0.9751
3258,217,23,0.9974
3259,217,23,0.9956
3260,217,23,0.9911
3261,217,23,0.8502
3262,217,23,0.9601
3625,219,23,0.8606
3626,219,23,0.3027
3627,219,23,0.1334
3628,219,23,0.7488
3629,219,23,0.9330
3630,219,23,0.9172
3631,219,23,0.1151
3632,219,23,0.5799
3633,219,23,0.2567
3634,219,23,0.2877
4103,220,132,0.7623
4104,220,132,0.5874
4105,220,132,0.7282
4106,220,132,0.7952
4107,220,132,0.7739
4108,220,132,0.9819
4109,220,132,0.9935
4110,220,132,0.9786
4111,220,132,0.9914
4112,220,132,0.8464
753,210,23,0.3055
754,210,23,0.2368
755,210,23,0.1983
756,210,23,0.6778
757,210,23,0.8678
758,210,23,0.8612
759,210,23,0.9226
760,210,23,0.9464
761,210,23,0.7619
762,210,23,0.0109
3263,217,23,0.9405
3264,217,23,0.5508
3265,217,23,0.3382
3266,217,23,0.9684
3267,217,23,0.9901
3268,217,23,0.9800
3269,217,23,0.9913
3270,217,23,0.0093
3271,217,23,0.8410
3272,217,23,0.4733
3635,219,23,0.1549
3636,219,23,0.4470
3637,219,23,0.6960
3638,219,23,0.4526
3639,219,23,0.9339
3640,219,23,0.9893
3641,219,23,0.9922
3642,219,23,0.9973
3643,219,23,0.9986
3644,219,23,0.9991
4113,220,132,0.9322
4114,220,132,0.8546
4115,220,132,0.9359
4116,220,132,0.1200
4117,220,132,0.1972
763,210,23,0.7982
764,210,23,0.1255
765,210,23,0.9307
766,210,23,0.4677
767,210,23,0.9620
768,210,23,0.5120
769,210,23,0.9709
770,210,23,0.6017
771,210,23,0.9436
772,210,23,0.5624
3273,217,23,0.1763
3274,217,23,0.2814
3275,217,23,0.2694
3276,217,23,0.9031
3277,217,23,0.9771
3278,217,23,0.0074
3279,217,23,0.7443
3280,217,23,0.5330
3281,217,23,0.8611
3282,217,23,0.8915
3645,219,23,0.9000
3646,219,23,0.1170
3647,219,23,0.8601
3648,219,23,0.9713
3649,219,23,0.1760
3650,219,23,0.7941
3651,219,23,0.6301
3652,219,23,0.9297
3653,219,23,0.7581
3654,219,23,0.8336
4118,220,132,0.8405
4119,220,132,0.9183
4120,220,132,0.0083
4121,220,132,0.9929
4122,220,132,0.9202
4123,220,132,0.1117
4124,220,132,0.9829
4125,220,132,0.9659
4126,220,132,0.9856
4127,220,132,0.9948
773,210,23,0.7145
774,210,23,0.5626
775,210,23,0.6783
776,210,23,0.8516
777,210,23,0.5552
778,210,23,0.8537
779,210,23,0.4822
780,210,23,0.9230
781,210,23,0.5754
782,210,23,0.1373
3283,217,23,0.1384
3284,217,23,0.8878
3285,217,23,0.6603
3286,217,23,0.9680
3287,217,23,0.9868
3288,217,23,0.9978
3289,217,23,0.9971
3290,217,23,0.9991
3291,217,23,0.2504
3292,217,23,0.7852
3655,219,23,0.0908
3656,219,23,0.0425
3657,219,23,0.5588
3658,219,23,0.8471
3659,219,23,0.7739
3660,219,23,0.9308
3661,219,23,0.9584
3662,219,23,0.0191
3663,219,23,0.4251
3664,219,23,0.2079
4128,220,132,0.9282
4129,220,132,0.3651
4130,220,132,0.9728
783,210,23,0.4721
784,210,23,0.2987
785,210,23,0.1317
786,210,23,0.8075
787,210,23,0.3499
788,210,23,0.3244
789,210,23,0.2700
790,210,23,0.5934
791,210,23,0.9222
792,210,23,0.9047
3293,217,107,0.7455
3294,217,107,0.7240
3295,217,107,0.9665
3296,217,107,0.9754
3297,217,107,0.9953
3298,217,107,0.9688
3299,217,107,0.2530
3300,217,107,0.9692
3301,217,107,0.7746
3302,217,107,0.9753
3665,219,23,0.6699
3666,219,23,0.6066
3667,219,23,0.1339
3668,219,23,0.4536
3669,219,23,0.7018
3670,219,23,0.3698
3671,219,23,0.1348
3672,219,23,0.9017
3673,219,23,0.8554
3674,219,23,0.0693
4131,220,132,0.0544
4132,220,132,0.3174
793,210,23,0.7086
794,210,23,0.4817
795,210,23,0.5234
796,210,23,0.3657
797,210,23,0.5922
798,210,23,0.8373
799,210,23,0.8501
800,210,23,0.9489
801,210,23,0.8062
802,210,23,0.9689
3303,217,43,0.9501
3304,217,43,0.9390
3305,217,43,0.9958
3306,217,43,0.8508
3307,217,43,0.0425
3308,217,43,0.9900
3309,217,43,0.9891
3310,217,43,0.9799
3311,217,43,0.8429
3312,217,43,0.9794
3675,219,23,0.2134
3676,219,23,0.2040
3677,219,23,0.1019
3678,219,23,0.4066
3679,219,23,0.3143
3680,219,23,0.6601
3681,219,23,0.1787
3682,219,23,0.2525
3683,219,23,0.6918
3684,219,23,0.6263
4133,220,132,0.7860
4134,220,132,0.9813
4135,220,132,0.7315
4136,220,132,0.9158
4137,220,132,0.0711
4138,220,132,0.9957
803,210,23,0.3208
804,210,23,0.2064
805,210,23,0.3911
806,210,23,0.7676
807,210,23,0.8393
808,210,23,0.9567
809,210,23,0.9235
810,210,23,0.8616
811,210,23,0.8880
812,210,23,0.9818
3313,217,43,0.9633
3314,217,43,0.9886
3315,217,43,0.8809
3316,217,43,0.9331
3317,217,43,0.9684
3318,217,43,0.3396
3319,217,43,0.9485
3320,217,43,0.9205
3685,219,23,0.8663
3686,219,23,0.7729
3687,219,23,0.0359
3688,219,23,0.1104
3689,219,23,0.2571
3690,219,23,0.1675
3691,219,23,0.8090
3692,219,23,0.9487
3693,219,23,0.8899
3694,219,23,0.8569
4139,220,132,0.9562
4140,220,132,0.9055
4141,220,132,0.7402
813,210,23,0.1829
814,210,23,0.0544
815,210,23,0.0616
816,210,23,0.8043
817,210,23,0.9229
818,210,23,0.8746
819,210,23,0.9377
820,210,23,0.9419
821,210,23,0.9300
822,210,23,0.0236
3321,217,43,0.8448
3322,217,43,0.9307
3323,217,43,0.9665
3324,217,43,0.1135
3325,217,43,0.2725
3326,217,43,0.8386
3327,217,43,0.1310
3328,217,43,0.6730
3695,219,107,0.9827
3696,219,107,0.2727
3697,219,107,0.9569
3698,219,107,0.9865
3699,219,107,0.9959
3700,219,107,0.9936
3701,219,107,0.9828
3702,219,107,0.9868
3703,219,107,0.5698
4142,220,132,0.9653
4143,220,132,0.9937
4144,220,132,0.6372
4145,220,132,0.4194
823,210,23,0.9162
824,210,23,0.7623
825,210,23,0.9248
826,210,23,0.9694
827,210,23,0.9787
828,210,23,0.9064
829,210,23,0.9510
830,210,23,0.8123
831,210,23,0.9877
832,210,23,0.9014
3329,217,43,0.3363
3330,217,43,0.5701
3704,219,43,0.8649
3705,219,43,0.9825
3706,219,43,0.9384
3707,219,43,0.5857
3708,219,43,0.4598
3709,219,43,0.8150
3710,219,43,0.9383
3711,219,43,0.9359
3712,219,43,0.0126
3713,219,43,0.0792
4146,220,132,0.7351
4147,220,132,0.9783
4148,220,132,0.9830
4149,220,132,0.8259
4150,220,132,0.1708
4151,220,132,0.9568
833,210,23,0.1786
834,210,23,0.3885
835,210,23,0.1342
836,210,23,0.1821
837,210,23,0.8296
838,210,23,0.1001
839,210,23,0.7852
840,210,23,0.4123
841,210,23,0.7713
842,210,23,0.6336
3331,217,43,0.9462
3332,217,43,0.5915
3333,217,43,0.7185
3714,219,43,0.8889
3715,219,43,0.7823
3716,219,43,0.8968
3717,219,43,0.7148
3718,219,43,0.9889
3719,219,43,0.9933
3720,219,43,0.9445
3721,219,43,0.9968
3722,219,43,0.9920
3723,219,43,0.9875
4152,220,132,0.9067
4153,220,132,0.1289
4154,220,132,0.1594
843,210,23,0.1499
844,210,23,0.4355
845,210,23,0.6739
846,210,23,0.2872
847,210,23,0.6309
848,210,23,0.1050
849,210,23,0.2077
850,210,23,0.2824
851,210,23,0.7861
852,210,23,0.7164
3334,217,43,0.9590
3335,217,43,0.9572
3336,217,43,0.9886
3337,217,43,0.9904
3338,217,43,0.8042
3339,217,43,0.5145
3340,217,43,0.8571
3724,219,43,0.5572
3725,219,43,0.4119
3726,219,43,0.8475
3727,219,43,0.8130
3728,219,43,0.4854
3729,219,43,0.8586
3730,219,43,0.5634
3731,219,43,0.3666
3732,219,43,0.2413
3733,219,43,0.4900
4155,220,132,0.3649
4156,220,132,0.7833
4157,220,132,0.7494
4158,220,132,0.9916
4159,220,132,0.9736
4160,220,132,0.8512
4161,220,132,0.9887
4162,220,132,0.9878
4163,220,132,0.9845
4164,220,132,0.9759
853,210,23,0.1710
854,210,23,0.1699
855,210,23,0.3824
856,210,23,0.3129
857,210,23,0.1965
858,210,23,0.6616
859,210,23,0.2220
860,210,23,0.0715
861,210,23,0.6353
862,210,23,0.4322
3341,217,43,0.9780
3342,217,43,0.7848
3343,217,43,0.9541
3344,217,43,0.9795
3345,217,43,0.7758
3346,217,43,0.9678
3347,217,43,0.9848
3348,217,43,0.3029
3349,217,43,0.7799
3734,219,43,0.5954
3735,219,43,0.4260
3736,219,43,0.0733
3737,219,43,0.5741
3738,219,43,0.9593
3739,219,43,0.3373
3740,219,43,0.9733
3741,219,43,0.9812
3742,219,43,0.0064
3743,219,43,0.8922
4165,220,23,0.7947
4166,220,23,0.1944
4167,220,23,0.8939
4168,220,23,0.8094
4169,220,23,0.9014
4170,220,23,0.9814
4171,220,23,0.9888
4172,220,23,0.9644
4173,220,23,0.0134
4174,220,23,0.6605
863,210,23,0.1326
864,210,23,0.0655
865,210,23,0.5715
866,210,23,0.8464
867,210,23,0.9365
868,210,23,0.9656
869,210,23,0.8178
870,210,23,0.9683
871,210,23,0.7139
872,210,23,0.9833
3350,217,17,0.4018
3351,217,17,0.5352
3352,217,17,0.7844
3353,217,17,0.6587
3354,217,17,0.9828
3744,219,43,0.8879
3745,219,43,0.8581
3746,219,43,0.8115
3747,219,43,0.1571
3748,219,43,0.9282
3749,219,43,0.9929
3750,219,43,0.9919
3751,219,43,0.9977
3752,219,43,0.9985
3753,219,43,0.9987
4175,220,23,0.9259
4176,220,23,0.9605
4177,220,23,0.5072
873,210,23,0.9049
874,210,23,0.3294
875,210,23,0.9275
876,210,23,0.9612
877,210,23,0.9863
878,210,23,0.8528
879,210,23,0.4158
880,210,23,0.7405
881,210,23,0.8793
882,210,23,0.6358
3355,217,17,0.4163
3356,217,17,0.9522
3357,217,17,0.9742
3358,217,17,0.9780
3359,217,17,0.9747
3360,217,17,0.9697
3361,217,17,0.9703
3362,217,17,0.8928
3363,217,17,0.5457
3754,219,43,0.1267
3755,219,43,0.6347
3756,219,43,0.9415
3757,219,43,0.9831
3758,219,43,0.9907
3759,219,43,0.9681
3760,219,43,0.9937
3761,219,43,0.9971
3762,219,43,0.9973
3763,219,43,0.9984
4178,220,23,0.7540
4179,220,23,0.2668
4180,220,23,0.2633
4181,220,23,0.8292
4182,220,23,0.8291
4183,220,23,0.2792
4184,220,23,0.9206
4185,220,23,0.8988
4186,220,23,0.5956
4187,220,23,0.9420
883,210,23,0.5214
884,210,23,0.1550
885,210,23,0.2427
886,210,23,0.3403
887,210,23,0.9289
888,210,23,0.8700
889,210,23,0.9686
890,210,23,0.8142
891,210,23,0.9847
892,210,23,0.8631
3364,217,93,0.6360
3365,217,93,0.6405
3366,217,93,0.8742
3764,219,43,0.3402
3765,219,43,0.6762
3766,219,43,0.4862
3767,219,43,0.9751
3768,219,43,0.9829
3769,219,43,0.9309
3770,219,43,0.1172
3771,219,43,0.3601
3772,219,43,0.0736
3773,219,43,0.3847
4188,220,23,0.8462
4189,220,23,0.5510
4190,220,23,0.4703
893,210,23,0.9411
894,210,23,0.2586
895,210,23,0.4306
896,210,23,0.3734
897,210,23,0.2094
898,210,23,0.5334
899,210,23,0.2412
900,210,23,0.5585
901,210,23,0.2125
902,210,23,0.8368
3367,217,93,0.7793
3368,217,93,0.3713
3369,217,93,0.9025
3370,217,93,0.9649
3371,217,93,0.9689
3372,217,93,0.6296
3774,219,43,0.6039
3775,219,43,0.9793
3776,219,43,0.9726
3777,219,43,0.6306
3778,219,43,0.9857
3779,219,43,0.9979
3780,219,43,0.9824
3781,219,43,0.9647
3782,219,43,0.4699
3783,219,43,0.7784
4191,220,23,0.9697
4192,220,23,0.9385
4193,220,23,0.3476
4194,220,23,0.2726
903,210,23,0.3495
904,210,23,0.7138
905,210,23,0.2664
906,210,23,0.0963
907,210,23,0.3571
908,210,23,0.2667
909,210,23,0.1086
910,210,23,0.7669
911,210,23,0.5979
912,210,23,0.7813
3373,217,93,0.7387
3374,217,93,0.3937
3375,217,93,0.9729
3376,217,93,0.9634
3377,217,93,0.9932
3378,217,93,0.9940
3379,217,93,0.0576
3380,217,93,0.2391
3381,217,93,0.5077
3784,219,17,0.2707
3785,219,17,0.5997
3786,219,17,0.3422
3787,219,17,0.9028
3788,219,17,0.0920
3789,219,17,0.9776
3790,219,17,0.9917
3791,219,17,0.9916
3792,219,17,0.9901
3793,219,17,0.9977
4195,220,23,0.9851
4196,220,23,0.0100
4197,220,23,0.1904
913,210,23,0.0782
914,210,23,0.3487
915,210,23,0.8920
916,210,23,0.9473
917,210,23,0.7948
918,210,23,0.9516
919,210,23,0.7823
920,210,23,0.7026
921,210,23,0.2438
922,210,23,0.8441
3382,217,93,0.8621
3383,217,93,0.9020
3384,217,93,0.9783
3385,217,93,0.5214
3386,217,93,0.9289
3794,219,17,0.8618
3795,219,17,0.9446
3796,219,17,0.9328
3797,219,17,0.9933
3798,219,17,0.2104
3799,219,17,0.0256
3800,219,17,0.1941
3801,219,17,0.2204
3802,219,17,0.9483
3803,219,17,0.9803
4198,220,23,0.9665
4199,220,23,0.2597
4200,220,23,0.8427
4201,220,23,0.3799
4202,220,23,0.8227
4203,220,23,0.9431
4204,220,23,0.7699
4205,220,23,0.7718
4206,220,23,0.9396
4207,220,23,0.9838
923,210,23,0.2792
924,210,23,0.2252
925,210,23,0.9262
926,210,23,0.9159
927,210,23,0.9009
928,210,23,0.8755
929,210,23,0.8948
930,210,23,0.9912
931,210,23,0.9232
932,210,23,0.8344
3387,217,93,0.3493
3388,217,93,0.3652
3804,219,17,0.6790
3805,219,17,0.8169
3806,219,17,0.6555
3807,219,17,0.6603
3808,219,17,0.9383
3809,219,17,0.9736
3810,219,17,0.6591
3811,219,17,0.8138
3812,219,17,0.1008
3813,219,17,0.8493
4208,220,23,0.8541
4209,220,23,0.2266
4210,220,23,0.1216
933,210,23,0.1182
934,210,23,0.1833
935,210,23,0.2259
936,210,23,0.7197
937,210,23,0.7057
938,210,23,0.9460
939,210,23,0.8810
940,210,23,0.9669
941,210,23,0.8643
942,210,23,0.9672
3389,217,93,0.0356
3390,217,93,0.6367
3814,219,17,0.2672
3815,219,17,0.0746
3816,219,17,0.1751
3817,219,17,0.9759
3818,219,17,0.8660
3819,219,17,0.6163
3820,219,17,0.3090
3821,219,17,0.7337
3822,219,17,0.3489
3823,219,17,0.7534
4211,220,23,0.5650
4212,220,23,0.7519
4213,220,23,0.8800
4214,220,23,0.7034
4215,220,23,0.5967
4216,220,23,0.0369
4217,220,23,0.6360
943,210,23,0.3188
944,210,23,0.2054
945,210,23,0.1476
946,210,23,0.8685
947,210,23,0.8532
948,210,23,0.9532
949,210,23,0.2215
950,210,23,0.4439
951,210,23,0.6468
952,210,23,0.9709
3391,217,93,0.7208
3392,217,93,0.8379
3824,219,17,0.3770
3825,219,17,0.6542
3826,219,17,0.9670
3827,219,17,0.9656
3828,219,17,0.9944
3829,219,17,0.0225
3830,219,17,0.1398
3831,219,17,0.5966
3832,219,17,0.3533
3833,219,17,0.4871
4218,220,23,0.8081
4219,220,23,0.6404
953,210,23,0.1607
954,210,23,0.1021
955,210,23,0.2453
956,210,23,0.8173
957,210,23,0.8814
958,210,23,0.1341
959,210,23,0.0717
960,210,23,0.1896
961,210,23,0.8642
962,210,23,0.8587
3393,217,93,0.9101
3394,217,93,0.9869
3395,217,93,0.9873
3396,217,93,0.3709
3397,217,93,0.0350
3834,219,17,0.8423
3835,219,17,0.8539
3836,219,17,0.9031
3837,219,17,0.9793
3838,219,17,0.3791
3839,219,17,0.4214
3840,219,17,0.6555
3841,219,17,0.5164
3842,219,17,0.7287
3843,219,17,0.3798
4220,220,23,0.9082
4221,220,23,0.2879
4222,220,23,0.6645
4223,220,23,0.9939
4224,220,23,0.9717
4225,220,23,0.9550
4226,220,23,0.9463
4227,220,23,0.1250
963,210,23,0.2572
964,210,23,0.3294
965,210,23,0.1620
966,210,23,0.7431
3398,217,93,0.9524
3399,217,93,0.9672
3400,217,93,0.9472
3401,217,93,0.9773
3402,217,93,0.9091
3403,217,93,0.9302
3844,219,17,0.8279
3845,219,17,0.9770
3846,219,17,0.0986
3847,219,17,0.0270
3848,219,17,0.2193
3849,219,17,0.7621
3850,219,17,0.3554
3851,219,17,0.8062
3852,219,17,0.7716
3853,219,17,0.4662
4228,220,23,0.9126
4229,220,23,0.9381
4230,220,23,0.8337
4231,220,23,0.6776
4232,220,23,0.9844
4233,220,23,0.9328
4234,220,23,0.9855
4235,220,23,0.9911
4236,220,23,0.2340
4237,220,23,0.9847
3404,217,93,0.6385
3405,217,93,0.5822
3854,219,17,0.1812
3855,219,17,0.4940
3856,219,17,0.1457
3857,219,17,0.1867
3858,219,17,0.3560
3859,219,17,0.7219
3860,219,17,0.7443
3861,219,17,0.9264
3862,219,17,0.7800
3863,219,17,0.8331
4238,220,107,0.9565
4239,220,107,0.9635
4240,220,107,0.9054
4241,220,107,0.9593
4242,220,107,0.9906
4243,220,107,0.8283
4244,220,107,0.9623
4245,220,107,0.8376
4246,220,107,0.1082
4412,221,132,0.6787
4413,221,132,0.8432
4414,221,132,0.8478
4415,221,132,0.9716
4416,221,132,0.0386
4417,221,132,0.9034
4418,221,132,0.9565
4419,221,132,0.9834
4420,221,132,0.9910
4421,221,132,0.9746
3406,217,93,0.9251
3407,217,93,0.9381
3408,217,93,0.9852
3409,217,93,0.7981
3410,217,93,0.9487
3411,217,93,0.9790
3412,217,93,0.8886
3413,217,93,0.9830
3414,217,93,0.9961
3415,217,93,0.0912
3864,219,17,0.0935
3865,219,17,0.7954
3866,219,17,0.4980
3867,219,17,0.9675
3868,219,17,0.0051
3869,219,17,0.8846
3870,219,17,0.8897
3871,219,17,0.9630
3872,219,17,0.9790
3873,219,17,0.9945
4247,220,43,0.9189
4248,220,43,0.6053
4422,221,132,0.9854
4423,221,132,0.9965
4424,221,132,0.9904
4425,221,132,0.9949
4426,221,132,0.9744
4427,221,132,0.2481
4428,221,132,0.6125
4429,221,132,0.9907
4430,221,132,0.9133
4431,221,132,0.8308
3416,217,93,0.7608
3417,217,93,0.4257
3418,217,93,0.8502
3874,219,17,0.7562
3875,219,17,0.5815
3876,219,17,0.9413
3877,219,17,0.8447
3878,219,17,0.1503
3879,219,17,0.2128
3880,219,17,0.1961
3881,219,17,0.2839
3882,219,17,0.9726
3883,219,17,0.9903
4249,220,43,0.8631
4250,220,43,0.9097
4251,220,43,0.8911
4252,220,43,0.9396
4253,220,43,0.9668
4254,220,43,0.1834
4255,220,43,0.2143
4256,220,43,0.8462
4257,220,43,0.6063
4432,221,132,0.8596
4433,221,132,0.1582
4434,221,132,0.3258
4435,221,132,0.2529
4436,221,132,0.7645
4437,221,132,0.9400
4438,221,132,0.8539
4439,221,132,0.2207
4440,221,132,0.9409
4441,221,132,0.9752
3419,217,93,0.8242
3420,217,93,0.9755
3421,217,93,0.9770
3422,217,93,0.5499
3423,217,93,0.0584
3424,217,93,0.8512
3425,217,93,0.6794
3426,217,93,0.8213
3884,219,17,0.2423
3885,219,17,0.2557
3886,219,17,0.6719
3887,219,17,0.0990
3888,219,17,0.5306
3889,219,17,0.6429
3890,219,17,0.8019
3891,219,17,0.5594
3892,219,17,0.4124
3893,219,17,0.3395
4258,220,43,0.3952
4259,220,43,0.9539
4260,220,43,0.3293
4261,220,43,0.9659
4262,220,43,0.9954
4263,220,43,0.9935
4264,220,43,0.8722
4265,220,43,0.6070
4442,221,132,0.8345
4443,221,132,0.1343
4444,221,132,0.7851
4445,221,132,0.9235
4446,221,132,0.9524
4447,221,132,0.9676
4448,221,132,0.9841
4449,221,132,0.1198
4450,221,132,0.9745
4451,221,132,0.1375
3427,217,93,0.8599
3428,217,93,0.9185
3429,217,93,0.0354
3430,217,93,0.3560
3894,219,17,0.2512
3895,219,17,0.6301
3896,219,17,0.2401
3897,219,17,0.8790
3898,219,17,0.0397
3899,219,17,0.8978
3900,219,17,0.8656
3901,219,17,0.0472
3902,219,17,0.6845
3903,219,17,0.9440
4266,220,43,0.8100
4267,220,43,0.2102
4452,221,132,0.9094
4453,221,132,0.9151
4454,221,132,0.9817
4455,221,132,0.9872
4456,221,132,0.9254
4457,221,132,0.9867
4458,221,132,0.0684
4459,221,132,0.9502
4460,221,132,0.9954
4461,221,132,0.9974
3431,217,93,0.7859
3432,217,93,0.1639
3433,217,93,0.8675
3904,219,17,0.2264
3905,219,17,0.1109
3906,219,17,0.6096
3907,219,17,0.9414
3908,219,17,0.9889
3909,219,17,0.9739
3910,219,17,0.9930
3911,219,17,0.9923
3912,219,17,0.9953
3913,219,17,0.9829
4268,220,43,0.1301
4269,220,43,0.9524
4462,221,132,0.8963
4463,221,132,0.8727
4464,221,132,0.9884
4465,221,132,0.8205
4466,221,132,0.9906
4467,221,132,0.6906
3434,217,93,0.8190
3435,217,93,0.8322
3436,217,93,0.5723
3914,219,17,0.2541
3915,219,17,0.5079
3916,219,17,0.1060
3917,219,17,0.8763
3918,219,17,0.8265
3919,219,17,0.8072
3920,219,17,0.1091
3921,219,17,0.4284
3922,219,17,0.4241
3923,219,17,0.2090
4270,220,43,0.8622
4271,220,43,0.9896
4272,220,43,0.9740
4273,220,43,0.7899
4274,220,43,0.0702
4275,220,43,0.3450
4276,220,43,0.3993
4277,220,43,0.5797
4468,221,132,0.1568
4469,221,132,0.8472
3437,217,93,0.7759
3438,217,93,0.8128
3439,217,93,0.6910
3924,219,17,0.1902
3925,219,17,0.5915
3926,219,17,0.7729
3927,219,17,0.9276
3928,219,17,0.0953
3929,219,17,0.7973
3930,219,17,0.0531
3931,219,17,0.1879
3932,219,17,0.3164
3933,219,17,0.7484
4278,220,43,0.5912
4279,220,43,0.8393
4280,220,43,0.5125
4281,220,43,0.7595
4282,220,43,0.7085
4283,220,43,0.4978
4284,220,43,0.2920
4285,220,43,0.9522
4286,220,43,0.9935
4287,220,43,0.9994
4470,221,132,0.9862
4471,221,132,0.8863
4472,221,132,0.3882
4473,221,132,0.7141
3440,217,93,0.9847
3441,217,93,0.3263
3442,217,93,0.1981
3934,219,17,0.4735
3935,219,17,0.5540
3936,219,17,0.7717
3937,219,17,0.6007
3938,219,17,0.1431
3939,219,17,0.7850
3940,219,17,0.1378
3941,219,17,0.6076
3942,219,17,0.9495
3943,219,17,0.0909
4288,220,43,0.8139
4289,220,43,0.9305
4290,220,43,0.4030
4291,220,43,0.9806
4292,220,43,0.0435
4293,220,43,0.1120
4474,221,132,0.4577
4475,221,132,0.4052
4476,221,132,0.9783
4477,221,132,0.5320
4478,221,132,0.9816
4479,221,132,0.9970
4480,221,132,0.9849
4481,221,132,0.9895
4482,221,132,0.9919
4483,221,132,0.9906
3443,217,93,0.8999
3444,217,93,0.9670
3445,217,93,0.8659
3446,217,93,0.2307
3447,217,93,0.6992
3448,217,93,0.7758
3449,217,93,0.9723
3450,217,93,0.9830
3451,217,93,0.9815
3944,219,17,0.4132
3945,219,17,0.0319
3946,219,17,0.6165
3947,219,17,0.5255
3948,219,17,0.4335
3949,219,17,0.5292
3950,219,17,0.0683
3951,219,17,0.1055
3952,219,17,0.3120
3953,219,17,0.1575
4294,220,43,0.8199
4295,220,43,0.9849
4296,220,43,0.3209
4297,220,43,0.9869
4298,220,43,0.9296
4299,220,43,0.8759
4300,220,43,0.4818
4301,220,43,0.9865
4302,220,43,0.9616
4303,220,43,0.6200
4484,221,23,0.4736
4485,221,23,0.7376
3452,217,43,0.2673
3954,219,17,0.0775
3955,219,17,0.2049
3956,219,17,0.7523
3957,219,17,0.6946
3958,219,17,0.6235
3959,219,17,0.6134
3960,219,17,0.9808
3961,219,17,0.2993
3962,219,17,0.4344
3963,219,17,0.4959
4304,220,43,0.9397
4305,220,43,0.9617
4306,220,43,0.7243
4307,220,43,0.9367
4308,220,43,0.8819
4309,220,43,0.8009
4310,220,43,0.9753
4311,220,43,0.9682
4312,220,43,0.0310
4313,220,43,0.3215
4486,221,23,0.8215
4487,221,23,0.9755
4488,221,23,0.9682
4489,221,23,0.9156
3964,219,17,0.8908
3965,219,17,0.6133
3966,219,17,0.9074
3967,219,17,0.6504
3968,219,17,0.8630
3969,219,17,0.1322
3970,219,17,0.0935
3971,219,17,0.9493
3972,219,17,0.9955
3973,219,17,0.9799
4314,220,43,0.4155
4315,220,43,0.9415
4316,220,43,0.9833
4317,220,43,0.2052
4318,220,43,0.8273
4319,220,43,0.3646
4320,220,43,0.2924
4490,221,23,0.4548
4491,221,23,0.6226
4709,222,132,0.5998
4710,222,132,0.8440
4711,222,132,0.8966
4712,222,132,0.9762
4713,222,132,0.9701
4714,222,132,0.9690
4715,222,132,0.9943
4716,222,132,0.9936
4717,222,132,0.9757
4718,222,132,0.7145
3974,219,17,0.1697
3975,219,17,0.9484
3976,219,17,0.9724
3977,219,17,0.9970
3978,219,17,0.9947
3979,219,17,0.9625
3980,219,17,0.9964
3981,219,17,0.9987
3982,219,17,0.9979
3983,219,17,0.9988
4321,220,43,0.9641
4322,220,43,0.4163
4323,220,43,0.8437
4492,221,23,0.5466
4493,221,23,0.5476
4494,221,23,0.4926
4495,221,23,0.7360
4719,222,132,0.9699
4720,222,132,0.4239
4721,222,132,0.7452
4722,222,132,0.5160
4723,222,132,0.4395
4724,222,132,0.9744
4725,222,132,0.9818
4726,222,132,0.4045
4727,222,132,0.9362
4728,222,132,0.5594
3984,219,17,0.1192
3985,219,17,0.2460
3986,219,17,0.0452
3987,219,17,0.7799
3988,219,17,0.4485
3989,219,17,0.6075
3990,219,17,0.4447
3991,219,17,0.9098
3992,219,17,0.6887
3993,219,17,0.7211
4324,220,43,0.6917
4325,220,43,0.9922
4326,220,43,0.9399
4327,220,43,0.9845
4496,221,23,0.9810
4497,221,23,0.9373
4498,221,23,0.7875
4729,222,132,0.9342
4730,222,132,0.9694
4731,222,132,0.8223
4732,222,132,0.6982
4733,222,132,0.8117
4734,222,132,0.8427
4735,222,132,0.7467
4736,222,132,0.9836
4737,222,132,0.9874
4738,222,132,0.1825
3994,219,17,0.7424
3995,219,17,0.9116
3996,219,17,0.6217
3997,219,17,0.4316
3998,219,17,0.7333
3999,219,17,0.5506
4000,219,17,0.9760
4001,219,17,0.9886
4002,219,17,0.5016
4003,219,17,0.8433
4328,220,43,0.8430
4329,220,43,0.9881
4330,220,43,0.8855
4331,220,43,0.9943
4332,220,43,0.9840
4333,220,43,0.8615
4334,220,43,0.9575
4335,220,43,0.9780
4336,220,43,0.9688
4499,221,23,0.7928
4500,221,23,0.8776
4501,221,23,0.1650
4502,221,23,0.4322
4503,221,23,0.6583
4504,221,23,0.4673
4505,221,23,0.9194
4506,221,23,0.9844
4507,221,23,0.2537
4739,222,132,0.2203
4740,222,132,0.2208
4741,222,132,0.2074
4742,222,132,0.9064
4743,222,132,0.8950
4744,222,132,0.9297
4745,222,132,0.9934
4746,222,132,0.9840
4747,222,132,0.9913
4748,222,132,0.9933
4004,219,93,0.5935
4005,219,93,0.3294
4006,219,93,0.6645
4007,219,93,0.8596
4008,219,93,0.6318
4009,219,93,0.1184
4010,219,93,0.9563
4011,219,93,0.0173
4012,219,93,0.2913
4013,219,93,0.6227
4337,220,17,0.6257
4338,220,17,0.9579
4339,220,17,0.0788
4340,220,17,0.0889
4341,220,17,0.7615
4342,220,17,0.1013
4343,220,17,0.8307
4344,220,17,0.6345
4345,220,17,0.9915
4346,220,17,0.9994
4508,221,23,0.8273
4509,221,23,0.9847
4510,221,23,0.6515
4511,221,23,0.8635
4512,221,23,0.0381
4513,221,23,0.3421
4749,222,132,0.2548
4750,222,132,0.4447
4751,222,132,0.4883
4752,222,132,0.8295
4753,222,132,0.9811
4754,222,132,0.9926
4755,222,132,0.9813
4756,222,132,0.9978
4757,222,132,0.9990
4758,222,132,0.9977
4014,219,93,0.3449
4015,219,93,0.9423
4016,219,93,0.9881
4017,219,93,0.9775
4018,219,93,0.8773
4019,219,93,0.0453
4020,219,93,0.9475
4021,219,93,0.9031
4022,219,93,0.9920
4023,219,93,0.0667
4347,220,17,0.3633
4348,220,17,0.6916
4514,221,23,0.9753
4515,221,23,0.8951
4516,221,23,0.5029
4517,221,23,0.9703
4518,221,23,0.0916
4519,221,23,0.4745
4520,221,23,0.9686
4521,221,23,0.9284
4522,221,23,0.9292
4523,221,23,0.9514
4759,222,132,0.7516
4760,222,132,0.8941
4761,222,132,0.9859
4762,222,132,0.8121
4763,222,132,0.9833
4764,222,132,0.9923
4765,222,132,0.9965
4766,222,132,0.9043
4767,222,132,0.9758
4768,222,132,0.9947
4024,219,93,0.1143
4025,219,93,0.8464
4026,219,93,0.9781
4027,219,93,0.0578
4028,219,93,0.8042
4029,219,93,0.6686
4030,219,93,0.4690
4031,219,93,0.5042
4032,219,93,0.9471
4033,219,93,0.4442
4349,220,17,0.6452
4350,220,17,0.9686
4351,220,17,0.9897
4352,220,17,0.7130
4353,220,17,0.9412
4354,220,17,0.9824
4355,220,17,0.4643
4524,221,23,0.9545
4525,221,23,0.2863
4526,221,23,0.9665
4527,221,23,0.7381
4528,221,23,0.3178
4769,222,23,0.7695
4770,222,23,0.6419
4771,222,23,0.9643
4772,222,23,0.6522
4773,222,23,0.9762
4774,222,23,0.9876
4775,222,23,0.6183
4776,222,23,0.9726
4777,222,23,0.9847
4778,222,23,0.1764
4034,219,93,0.9616
4035,219,93,0.3630
4036,219,93,0.2886
4037,219,93,0.5518
4356,220,17,0.9653
4357,220,17,0.2892
4358,220,17,0.5359
4359,220,17,0.1112
4529,221,23,0.8659
4530,221,23,0.9565
4531,221,23,0.9711
4532,221,23,0.7544
4533,221,23,0.1614
4534,221,23,0.8842
4535,221,23,0.9532
4536,221,23,0.4557
4537,221,23,0.5239
4779,222,23,0.9714
4780,222,23,0.3634
4781,222,23,0.8542
4782,222,23,0.4515
4783,222,23,0.7953
4784,222,23,0.9375
4785,222,23,0.9764
4786,222,23,0.5542
4787,222,23,0.8818
4788,222,23,0.4852
4038,219,93,0.6255
4039,219,93,0.9579
4040,219,93,0.0340
4041,219,93,0.4647
4360,220,17,0.9106
4361,220,17,0.9797
4362,220,17,0.6017
4363,220,17,0.2008
4538,221,23,0.8355
4539,221,23,0.9540
4540,221,23,0.4751
4541,221,23,0.4414
4789,222,23,0.6900
4790,222,23,0.6170
4791,222,23,0.3506
4792,222,23,0.8925
4793,222,23,0.6198
4794,222,23,0.8826
4795,222,23,0.6342
4796,222,23,0.9568
4797,222,23,0.9655
4798,222,23,0.6158
4042,219,93,0.9414
4043,219,93,0.9355
4044,219,93,0.7235
4045,219,93,0.2872
4364,220,17,0.7268
4365,220,17,0.8866
4366,220,17,0.5179
4367,220,17,0.9313
4368,220,17,0.8500
4369,220,17,0.9811
4370,220,17,0.8307
4371,220,17,0.7141
4372,220,17,0.0342
4542,221,23,0.7971
4543,221,23,0.9665
4544,221,23,0.8114
4545,221,23,0.9051
4546,221,23,0.7914
4547,221,23,0.5355
4799,222,23,0.9357
4800,222,23,0.2348
4801,222,23,0.9453
4802,222,23,0.1109
4803,222,23,0.6587
4804,222,23,0.5594
4805,222,23,0.9483
4806,222,23,0.2642
4807,222,23,0.9217
4808,222,23,0.9927
4046,219,93,0.1818
4047,219,93,0.4906
4048,219,93,0.1341
4373,220,17,0.8507
4374,220,17,0.7174
4375,220,17,0.3105
4376,220,17,0.8582
4548,221,23,0.4211
4549,221,23,0.8716
4809,222,23,0.6802
4810,222,23,0.1640
4811,222,23,0.7280
4812,222,23,0.0226
4813,222,23,0.6927
4814,222,23,0.9685
4815,222,23,0.9806
4816,222,23,0.0387
4817,222,23,0.3825
4818,222,23,0.2380
4049,219,93,0.9477
4050,219,93,0.1957
4051,219,93,0.9006
4052,219,93,0.8709
4377,220,17,0.8849
4378,220,17,0.9701
4379,220,17,0.9806
4380,220,17,0.5178
4381,220,17,0.9478
4382,220,17,0.4550
4383,220,17,0.9724
4384,220,17,0.6975
4385,220,17,0.9001
4386,220,17,0.8963
4550,221,23,0.9293
4551,221,23,0.8668
4552,221,23,0.8104
4553,221,23,0.9412
4554,221,23,0.9421
4819,222,23,0.5586
4820,222,23,0.9001
4821,222,23,0.9187
4822,222,23,0.8102
4823,222,23,0.8539
4824,222,23,0.9560
4825,222,23,0.2398
4826,222,23,0.8153
4827,222,23,0.9649
4828,222,23,0.9884
4053,219,93,0.7776
4054,219,93,0.0463
4055,219,93,0.0544
4056,219,93,0.1245
4387,220,17,0.8590
4388,220,17,0.9888
4389,220,17,0.9798
4390,220,17,0.7068
4391,220,17,0.5777
4392,220,17,0.8599
4555,221,23,0.4860
4556,221,23,0.2261
4829,222,23,0.2942
4830,222,23,0.9534
4831,222,23,0.9743
4832,222,23,0.8073
4833,222,23,0.8075
4834,222,23,0.5087
4835,222,23,0.9543
4836,222,23,0.9972
4837,222,23,0.9757
4838,222,23,0.9988
4057,219,93,0.1565
4058,219,93,0.0224
4059,219,93,0.8277
4060,219,93,0.8905
4393,220,17,0.4174
4394,220,17,0.9263
4395,220,17,0.3699
4396,220,17,0.9754
4397,220,17,0.8247
4398,220,17,0.5832
4399,220,17,0.9711
4400,220,17,0.9958
4401,220,17,0.1984
4402,220,17,0.9831
4557,221,23,0.8612
4558,221,23,0.3225
4559,221,23,0.9657
4560,221,23,0.9822
4561,221,23,0.9845
4562,221,23,0.8046
4563,221,23,0.7906
4564,221,23,0.7616
4839,222,23,0.8905
4840,222,23,0.7046
4841,222,23,0.9616
4842,222,23,0.9845
4843,222,23,0.3115
4844,222,23,0.9796
4845,222,23,0.7377
4846,222,23,0.9813
4847,222,23,0.8471
4848,222,23,0.8814
4061,219,93,0.5061
4062,219,93,0.1392
4063,219,93,0.7282
4064,219,93,0.4167
4403,220,93,0.9397
4404,220,93,0.8305
4405,220,93,0.9530
4406,220,93,0.9315
4407,220,93,0.9958
4408,220,93,0.9815
4409,220,93,0.8683
4410,220,93,0.9615
4411,220,93,0.4953
4565,221,23,0.3040
4566,221,23,0.9795
4567,221,23,0.9948
4568,221,23,0.9308
4569,221,23,0.9225
4570,221,23,0.9901
4571,221,23,0.9272
4572,221,23,0.0794
4573,221,23,0.2886
4849,222,23,0.8959
4850,222,23,0.3052
4851,222,23,0.4873
4852,222,23,0.8168
4853,222,23,0.9246
4854,222,23,0.9929
4855,222,23,0.9992
4856,222,23,0.9992
4857,222,23,0.9918
4858,222,23,0.9970
4065,219,93,0.3928
4066,219,93,0.5730
4067,219,93,0.0523
4574,221,23,0.9695
4575,221,23,0.7322
4576,221,23,0.7481
4577,221,23,0.9694
4578,221,23,0.9855
4579,221,23,0.7802
4580,221,23,0.9807
4581,221,23,0.9934
4582,221,23,0.5929
4859,222,23,0.8049
4860,222,23,0.9538
4861,222,23,0.9731
4862,222,23,0.7894
4863,222,23,0.4325
4864,222,23,0.4955
4865,222,23,0.8865
4866,222,23,0.6613
4867,222,23,0.5656
4868,222,23,0.4354
5378,223,132,0.9489
5379,223,132,0.3852
5380,223,132,0.8835
5381,223,132,0.9730
5382,223,132,0.5109
5383,223,132,0.9644
5384,223,132,0.9868
5385,223,132,0.3394
5386,223,132,0.1627
5387,223,132,0.7480
4068,219,93,0.0429
4069,219,93,0.8283
4070,219,93,0.6340
4583,221,107,0.9909
4584,221,107,0.9618
4585,221,107,0.7617
4586,221,107,0.8719
4587,221,107,0.8424
4588,221,107,0.1746
4869,222,23,0.7071
4870,222,23,0.8470
4871,222,23,0.9720
4872,222,23,0.2620
4873,222,23,0.2252
4874,222,23,0.7317
4875,222,23,0.8059
4876,222,23,0.9971
4877,222,23,0.9981
4878,222,23,0.9976
5388,223,132,0.9113
5389,223,132,0.9090
5390,223,132,0.9750
5391,223,132,0.5197
5392,223,132,0.9785
5393,223,132,0.9504
5394,223,132,0.9852
5395,223,132,0.9259
5396,223,132,0.9935
5397,223,132,0.9923
4071,219,93,0.9316
4072,219,93,0.1797
4073,219,93,0.6042
4589,221,107,0.9519
4590,221,107,0.9865
4591,221,107,0.7803
4592,221,107,0.5734
4593,221,107,0.9755
4594,221,107,0.2161
4879,222,23,0.6172
4880,222,23,0.9659
4881,222,23,0.9920
4882,222,23,0.8674
4883,222,23,0.9656
4884,222,23,0.8845
4885,222,23,0.7805
4886,222,23,0.9084
4887,222,23,0.3086
4888,222,23,0.8413
5398,223,23,0.8119
5399,223,23,0.7571
4074,219,93,0.9418
4075,219,93,0.2277
4076,219,93,0.7662
4595,221,107,0.5881
4596,221,107,0.9771
4597,221,107,0.9957
4598,221,107,0.9922
4599,221,107,0.5393
4600,221,107,0.5538
4601,221,107,0.9748
4602,221,107,0.9874
4603,221,107,0.9943
4889,222,23,0.7141
4890,222,23,0.2161
4891,222,23,0.8936
4892,222,23,0.9975
4893,222,23,0.9937
4894,222,23,0.9979
4895,222,23,0.9988
4896,222,23,0.9922
4897,222,23,0.9959
4898,222,23,0.9962
5400,223,23,0.9148
5401,223,23,0.8919
5402,223,23,0.2681
4077,219,93,0.9255
4078,219,93,0.3761
4079,219,93,0.0696
4604,221,43,0.7828
4605,221,43,0.5930
4606,221,43,0.8747
4607,221,43,0.9300
4608,221,43,0.9594
4609,221,43,0.9338
4610,221,43,0.4793
4611,221,43,0.6442
4899,222,23,0.7026
4900,222,23,0.5379
4901,222,23,0.6170
4902,222,23,0.8583
4903,222,23,0.9605
4904,222,23,0.9901
4905,222,23,0.3496
4906,222,23,0.8622
4907,222,23,0.2431
4908,222,23,0.5402
5403,223,23,0.3378
5404,223,23,0.8697
5405,223,23,0.7650
5406,223,23,0.8959
5407,223,23,0.5728
5408,223,23,0.1567
4080,219,93,0.4343
4081,219,93,0.4320
4082,219,93,0.1187
4612,221,43,0.7997
4613,221,43,0.4530
4614,221,43,0.9510
4615,221,43,0.9414
4616,221,43,0.3568
4617,221,43,0.0573
4618,221,43,0.1194
4619,221,43,0.6468
4620,221,43,0.9571
4909,222,23,0.8909
4910,222,23,0.2787
4911,222,23,0.6669
4912,222,23,0.9714
4913,222,23,0.9868
4914,222,23,0.9869
4915,222,23,0.9911
4916,222,23,0.0813
4917,222,23,0.3458
4918,222,23,0.8295
5409,223,23,0.8639
5410,223,23,0.9771
5411,223,23,0.0282
5412,223,23,0.1664
4083,219,93,0.9788
4084,219,93,0.9601
4085,219,93,0.9836
4086,219,93,0.9646
4087,219,93,0.9576
4088,219,93,0.3927
4089,219,93,0.8671
4090,219,93,0.1020
4091,219,93,0.2938
4092,219,93,0.9781
4621,221,43,0.7763
4622,221,43,0.9818
4623,221,43,0.9734
4624,221,43,0.9626
4625,221,43,0.9806
4626,221,43,0.9228
4627,221,43,0.9015
4628,221,43,0.9406
4629,221,43,0.0218
4630,221,43,0.5605
4919,222,23,0.9327
4920,222,23,0.8795
4921,222,23,0.8548
4922,222,23,0.6892
4923,222,23,0.8372
4924,222,23,0.8517
4925,222,23,0.9722
4926,222,23,0.9925
4927,222,23,0.9963
4928,222,23,0.9781
5413,223,23,0.9445
5414,223,23,0.8771
4093,219,93,0.8959
4094,219,93,0.9595
4095,219,93,0.1339
4096,219,93,0.5936
4097,219,93,0.9729
4098,219,93,0.9949
4099,219,93,0.9908
4100,219,93,0.9703
4101,219,93,0.9898
4102,219,93,0.9903
4631,221,17,0.9464
4632,221,17,0.2580
4633,221,17,0.7447
4634,221,17,0.9792
4635,221,17,0.0751
4636,221,17,0.9940
4637,221,17,0.9899
4638,221,17,0.9088
4929,222,23,0.7935
4930,222,23,0.4171
4931,222,23,0.7775
4932,222,23,0.8521
4933,222,23,0.5484
4934,222,23,0.2677
4935,222,23,0.9336
4936,222,23,0.7557
4937,222,23,0.9761
4938,222,23,0.9022
5415,223,23,0.2607
5416,223,23,0.8594
5417,223,23,0.9752
5418,223,23,0.2821
5419,223,23,0.8584
5420,223,23,0.8963
4639,221,17,0.9500
4640,221,17,0.5856
4641,221,17,0.8817
4642,221,17,0.9917
4643,221,17,0.4941
4644,221,17,0.0591
4939,222,23,0.9448
4940,222,23,0.0379
4941,222,23,0.7979
4942,222,23,0.8795
4943,222,23,0.9898
4944,222,23,0.9915
4945,222,23,0.5058
4946,222,23,0.9366
4947,222,23,0.5049
4948,222,23,0.3154
5421,223,23,0.4002
5422,223,23,0.5777
6031,224,132,0.7081
6032,224,132,0.4915
6033,224,132,0.2974
6034,224,132,0.7454
6035,224,132,0.9801
6036,224,132,0.9399
6037,224,132,0.8074
6038,224,132,0.8976
6039,224,132,0.9241
6040,224,132,0.9774
4645,221,17,0.5640
4646,221,17,0.4157
4949,222,107,0.1374
4950,222,107,0.9451
4951,222,107,0.9432
4952,222,107,0.5336
4953,222,107,0.9862
4954,222,107,0.9794
4955,222,107,0.9920
4956,222,107,0.8580
4957,222,107,0.8769
4958,222,107,0.9913
5423,223,23,0.9064
5424,223,23,0.9835
5425,223,23,0.9408
6041,224,132,0.9247
6042,224,132,0.9934
6043,224,132,0.0796
6044,224,132,0.0849
6045,224,132,0.1367
6046,224,132,0.4050
4647,221,17,0.6571
4648,221,17,0.5213
4959,222,43,0.9318
4960,222,43,0.9939
4961,222,43,0.4889
4962,222,43,0.6400
4963,222,43,0.9311
4964,222,43,0.9755
4965,222,43,0.6710
4966,222,43,0.9712
4967,222,43,0.7391
4968,222,43,0.8884
5426,223,23,0.7859
5427,223,23,0.9768
5428,223,23,0.9945
5429,223,23,0.9846
5430,223,23,0.7601
5431,223,23,0.8803
5432,223,23,0.9890
5433,223,23,0.4712
5434,223,23,0.8700
5435,223,23,0.7555
6047,224,132,0.9821
6048,224,132,0.9836
6049,224,132,0.5683
6050,224,132,0.4908
6051,224,132,0.7471
6052,224,132,0.9559
6053,224,132,0.9698
6054,224,132,0.9676
6055,224,132,0.9931
6056,224,132,0.9702
4649,221,17,0.2920
4650,221,17,0.9874
4651,221,17,0.4622
4969,222,43,0.9158
4970,222,43,0.9887
4971,222,43,0.9839
4972,222,43,0.9651
4973,222,43,0.9824
4974,222,43,0.4043
4975,222,43,0.9214
4976,222,43,0.9829
4977,222,43,0.4254
4978,222,43,0.5290
5436,223,23,0.6929
5437,223,23,0.3257
5438,223,23,0.7299
5439,223,23,0.7654
5440,223,23,0.7831
5441,223,23,0.9408
5442,223,23,0.9867
5443,223,23,0.9886
5444,223,23,0.9966
5445,223,23,0.9980
6057,224,132,0.9926
6058,224,132,0.9770
6059,224,132,0.3469
6060,224,132,0.9434
6061,224,132,0.9826
6062,224,132,0.9909
6063,224,132,0.9799
6064,224,132,0.9441
6065,224,132,0.9780
6066,224,132,0.9211
4652,221,17,0.2024
4653,221,17,0.8450
4654,221,17,0.9813
4655,221,17,0.9367
4656,221,17,0.9675
4657,221,17,0.9071
4658,221,17,0.9790
4659,221,17,0.9427
4660,221,17,0.0077
4979,222,43,0.8540
4980,222,43,0.8196
4981,222,43,0.5251
4982,222,43,0.0803
4983,222,43,0.6502
4984,222,43,0.7566
4985,222,43,0.5957
4986,222,43,0.1331
4987,222,43,0.7601
4988,222,43,0.9786
5446,223,23,0.7294
5447,223,23,0.7902
5448,223,23,0.4652
5449,223,23,0.9112
5450,223,23,0.8612
5451,223,23,0.7923
5452,223,23,0.9676
5453,223,23,0.7285
5454,223,23,0.9232
5455,223,23,0.3621
6067,224,132,0.8697
6068,224,132,0.8218
6069,224,132,0.1886
4661,221,17,0.9398
4662,221,17,0.2666
4663,221,17,0.8586
4664,221,17,0.9811
4665,221,17,0.9922
4666,221,17,0.0994
4667,221,17,0.8498
4668,221,17,0.1609
4989,222,43,0.2456
4990,222,43,0.3316
4991,222,43,0.9818
4992,222,43,0.9538
4993,222,43,0.2686
4994,222,43,0.1813
4995,222,43,0.5120
4996,222,43,0.9634
4997,222,43,0.2525
4998,222,43,0.9215
5456,223,23,0.2140
5457,223,23,0.8539
5458,223,23,0.8020
5459,223,23,0.7801
5460,223,23,0.9453
5461,223,23,0.9709
5462,223,23,0.9982
5463,223,23,0.9982
5464,223,23,0.9982
5465,223,23,0.9952
6070,224,132,0.8408
6071,224,132,0.9164
4669,221,17,0.7057
4670,221,17,0.1757
4671,221,17,0.9498
4999,222,43,0.1058
5000,222,43,0.5530
5001,222,43,0.2348
5002,222,43,0.8879
5003,222,43,0.9841
5004,222,43,0.9956
5005,222,43,0.9977
5006,222,43,0.9985
5007,222,43,0.9960
5008,222,43,0.9989
5466,223,23,0.6042
5467,223,23,0.4843
5468,223,23,0.8265
5469,223,23,0.3822
5470,223,23,0.4701
5471,223,23,0.6220
5472,223,23,0.5046
5473,223,23,0.7030
5474,223,23,0.9869
5475,223,23,0.8871
6072,224,132,0.3081
6073,224,132,0.8259
4672,221,17,0.1993
4673,221,17,0.6247
4674,221,17,0.8831
4675,221,17,0.9318
4676,221,17,0.1985
5009,222,43,0.9969
5010,222,43,0.5032
5011,222,43,0.1855
5012,222,43,0.9137
5013,222,43,0.9719
5014,222,43,0.9722
5015,222,43,0.9534
5016,222,43,0.7235
5017,222,43,0.2746
5018,222,43,0.1732
5476,223,23,0.9762
5477,223,23,0.5867
5478,223,23,0.3374
5479,223,23,0.8412
5480,223,23,0.9422
5481,223,23,0.9211
5482,223,23,0.9462
5483,223,23,0.9885
5484,223,23,0.9951
5485,223,23,0.9976
6074,224,132,0.8360
6075,224,132,0.9360
6076,224,132,0.4457
6077,224,132,0.7162
6078,224,132,0.9488
6079,224,132,0.9979
6080,224,132,0.9985
6081,224,132,0.9984
6082,224,132,0.9992
6083,224,132,0.9906
4677,221,17,0.8026
4678,221,17,0.9766
4679,221,17,0.9521
4680,221,17,0.1457
4681,221,17,0.0602
4682,221,17,0.7155
5019,222,43,0.6558
5020,222,43,0.9489
5021,222,43,0.9904
5022,222,43,0.9613
5023,222,43,0.1482
5024,222,43,0.6506
5025,222,43,0.6031
5026,222,43,0.8116
5027,222,43,0.1911
5028,222,43,0.7424
5486,223,23,0.7663
5487,223,23,0.7761
5488,223,23,0.4127
5489,223,23,0.9079
6084,224,132,0.3707
6085,224,132,0.5575
4683,221,17,0.8725
4684,221,17,0.7634
4685,221,17,0.9744
4686,221,17,0.6674
4687,221,17,0.8541
4688,221,17,0.0545
4689,221,17,0.2769
5029,222,43,0.7564
5030,222,43,0.9764
5031,222,43,0.9545
5032,222,43,0.1913
5033,222,43,0.8501
5034,222,43,0.8504
5035,222,43,0.0800
5036,222,43,0.9170
5037,222,43,0.1049
5038,222,43,0.9844
5490,223,23,0.9109
5491,223,23,0.9079
5492,223,23,0.0975
6086,224,132,0.7528
6087,224,132,0.5818
6088,224,132,0.9370
6089,224,132,0.7467
6090,224,132,0.8443
6091,224,132,0.9420
6092,224,132,0.7958
6093,224,132,0.9804
6094,224,132,0.8905
6095,224,132,0.7003
4690,221,17,0.9512
4691,221,17,0.7239
4692,221,17,0.7579
4693,221,17,0.9909
4694,221,17,0.9698
4695,221,17,0.8678
4696,221,17,0.9350
4697,221,17,0.9923
4698,221,17,0.9448
4699,221,17,0.9895
5039,222,43,0.9260
5040,222,43,0.7789
5041,222,43,0.0727
5042,222,43,0.1501
5043,222,43,0.1480
5044,222,43,0.9521
5045,222,43,0.9995
5046,222,43,0.9983
5047,222,43,0.9973
5048,222,43,0.9989
5493,223,23,0.7227
5494,223,23,0.5595
6096,224,132,0.9032
6097,224,132,0.9147
6098,224,132,0.9835
6099,224,132,0.9210
6100,224,132,0.9707
6101,224,132,0.9883
6102,224,132,0.6321
6103,224,132,0.9790
4700,221,93,0.9226
4701,221,93,0.8581
4702,221,93,0.9740
4703,221,93,0.9866
4704,221,93,0.9924
4705,221,93,0.9904
4706,221,93,0.9863
4707,221,93,0.9749
4708,221,93,0.9660
5049,222,43,0.8742
5050,222,43,0.9719
5051,222,43,0.9820
5052,222,43,0.9829
5053,222,43,0.9548
5054,222,43,0.7485
5055,222,43,0.9921
5056,222,43,0.9278
5057,222,43,0.8153
5058,222,43,0.2752
5495,223,23,0.0852
5496,223,23,0.6092
6104,224,132,0.9812
6105,224,132,0.0670
6106,224,132,0.7872
6107,224,132,0.9965
5059,222,43,0.8491
5060,222,43,0.7779
5061,222,43,0.8955
5062,222,43,0.9125
5063,222,43,0.8577
5064,222,43,0.0128
5065,222,43,0.7765
5066,222,43,0.9970
5067,222,43,0.9437
5068,222,43,0.9968
5497,223,23,0.4516
5498,223,23,0.7753
6108,224,132,0.8311
6109,224,132,0.5843
6110,224,132,0.6223
6111,224,132,0.8639
6112,224,132,0.8948
6113,224,132,0.6889
6114,224,132,0.0216
6115,224,132,0.8652
6116,224,132,0.9449
6117,224,132,0.7798
6337,225,132,0.6288
6338,225,132,0.8215
6339,225,132,0.7349
6340,225,132,0.9246
6341,225,132,0.8384
6342,225,132,0.9837
6343,225,132,0.6007
6344,225,132,0.8047
6345,225,132,0.9282
6346,225,132,0.9850
5069,222,43,0.8680
5070,222,43,0.8408
5071,222,43,0.8289
5072,222,43,0.5096
5073,222,43,0.9794
5074,222,43,0.9455
5075,222,43,0.4074
5076,222,43,0.6339
5077,222,43,0.5439
5078,222,43,0.7426
5499,223,23,0.6921
5500,223,23,0.6754
5501,223,23,0.6192
5502,223,23,0.8527
5503,223,23,0.2887
5504,223,23,0.8739
5505,223,23,0.4792
5506,223,23,0.9745
5507,223,23,0.9760
5508,223,23,0.4234
6118,224,132,0.9846
6119,224,132,0.5570
6120,224,132,0.6516
6121,224,132,0.8776
6122,224,132,0.9580
6123,224,132,0.8181
6124,224,132,0.4899
6125,224,132,0.4038
6126,224,132,0.9956
6127,224,132,0.9974
6347,225,132,0.9757
6348,225,132,0.8739
6349,225,132,0.9589
6350,225,132,0.9469
6351,225,132,0.9907
6352,225,132,0.9757
6353,225,132,0.8866
6354,225,132,0.8767
6355,225,132,0.9964
6356,225,132,0.9896
5079,222,43,0.6233
5080,222,43,0.4976
5081,222,43,0.7941
5082,222,43,0.7299
5083,222,43,0.8605
5084,222,43,0.8193
5085,222,43,0.9849
5086,222,43,0.9947
5087,222,43,0.9958
5088,222,43,0.9714
5509,223,23,0.8631
5510,223,23,0.2247
5511,223,23,0.7288
5512,223,23,0.5605
6128,224,132,0.1343
6129,224,132,0.1922
6130,224,132,0.9175
6131,224,132,0.9706
6132,224,132,0.9660
6133,224,132,0.9784
6134,224,132,0.9850
6135,224,132,0.9741
6136,224,132,0.9926
6137,224,132,0.9168
6357,225,23,0.9489
6358,225,23,0.9773
6359,225,23,0.5747
6360,225,23,0.9697
6361,225,23,0.9810
6362,225,23,0.7014
6363,225,23,0.7243
6364,225,23,0.8587
6365,225,23,0.7444
6366,225,23,0.9629
5089,222,43,0.7409
5090,222,43,0.3416
5091,222,43,0.2308
5092,222,43,0.8627
5093,222,43,0.8987
5094,222,43,0.9571
5095,222,43,0.8463
5096,222,43,0.6740
5097,222,43,0.9494
5098,222,43,0.9624
5513,223,23,0.9514
5514,223,23,0.0315
5515,223,23,0.8399
6138,224,132,0.9088
6139,224,132,0.9077
6140,224,132,0.9776
6141,224,132,0.9807
6142,224,132,0.9734
6143,224,132,0.9294
6144,224,132,0.0162
6145,224,132,0.8729
6146,224,132,0.9847
6147,224,132,0.2967
6367,225,23,0.2395
6368,225,23,0.8715
5099,222,43,0.7880
5100,222,43,0.1629
5101,222,43,0.5871
5102,222,43,0.2543
5103,222,43,0.7240
5104,222,43,0.9581
5105,222,43,0.8678
5106,222,43,0.9355
5107,222,43,0.9509
5108,222,43,0.9254
5516,223,23,0.9608
5517,223,23,0.9810
5518,223,23,0.2510
5519,223,23,0.9582
5520,223,23,0.7789
5521,223,23,0.1950
5522,223,23,0.3564
5523,223,23,0.8590
5524,223,23,0.9914
5525,223,23,0.9906
6148,224,132,0.9362
6149,224,132,0.9550
6150,224,132,0.9896
6151,224,132,0.9844
6152,224,132,0.9849
6153,224,132,0.9903
6154,224,132,0.5972
6155,224,132,0.8439
6156,224,132,0.8163
6157,224,132,0.9448
6369,225,23,0.6206
6370,225,23,0.0757
6371,225,23,0.1447
5109,222,43,0.8283
5110,222,43,0.9823
5111,222,43,0.9001
5112,222,43,0.8522
5113,222,43,0.9685
5114,222,43,0.9897
5115,222,43,0.9907
5116,222,43,0.9886
5117,222,43,0.9929
5526,223,23,0.9122
5527,223,23,0.9357
5528,223,23,0.9636
5529,223,23,0.9485
5530,223,23,0.9950
5531,223,23,0.3511
5532,223,23,0.5095
5533,223,23,0.8987
5534,223,23,0.9815
5535,223,23,0.9026
6158,224,23,0.9877
6159,224,23,0.6745
6160,224,23,0.8805
6161,224,23,0.6394
6162,224,23,0.5079
6163,224,23,0.8788
6164,224,23,0.8500
6165,224,23,0.7262
6166,224,23,0.7609
6167,224,23,0.4599
6372,225,23,0.4180
6373,225,23,0.9578
6374,225,23,0.9720
6375,225,23,0.0056
6376,225,23,0.9582
6377,225,23,0.7794
6378,225,23,0.5985
6379,225,23,0.9403
6380,225,23,0.0041
6381,225,23,0.5253
5118,222,17,0.9444
5119,222,17,0.9922
5120,222,17,0.9864
5121,222,17,0.9671
5122,222,17,0.8792
5123,222,17,0.9890
5124,222,17,0.9807
5125,222,17,0.7979
5126,222,17,0.9606
5127,222,17,0.9863
5536,223,23,0.9582
5537,223,23,0.8565
6168,224,23,0.8382
6169,224,23,0.9714
6170,224,23,0.9889
6171,224,23,0.0410
6172,224,23,0.8883
6173,224,23,0.7372
6174,224,23,0.0495
6175,224,23,0.7233
6176,224,23,0.9593
6177,224,23,0.8505
6382,225,23,0.5715
6383,225,23,0.5700
6384,225,23,0.4683
5128,222,17,0.7441
5129,222,17,0.4230
5130,222,17,0.2166
5131,222,17,0.7052
5132,222,17,0.5158
5133,222,17,0.8971
5134,222,17,0.9440
5135,222,17,0.9414
5136,222,17,0.8840
5137,222,17,0.9496
5538,223,23,0.4982
5539,223,23,0.5608
6178,224,23,0.7646
6179,224,23,0.9565
6180,224,23,0.9192
6181,224,23,0.7544
6182,224,23,0.8886
6183,224,23,0.5111
6385,225,23,0.9212
6386,225,23,0.9856
6387,225,23,0.8892
5138,222,17,0.8762
5139,222,17,0.2728
5140,222,17,0.9594
5141,222,17,0.8165
5142,222,17,0.9267
5143,222,17,0.9830
5144,222,17,0.9958
5145,222,17,0.9963
5146,222,17,0.9973
5147,222,17,0.9987
5540,223,23,0.8983
5541,223,23,0.5986
6184,224,23,0.9290
6185,224,23,0.8895
6186,224,23,0.4307
6187,224,23,0.9847
6188,224,23,0.9879
6189,224,23,0.7820
6190,224,23,0.5048
6191,224,23,0.9869
6192,224,23,0.9473
6193,224,23,0.6035
6388,225,23,0.8859
6389,225,23,0.8725
6390,225,23,0.3002
6391,225,23,0.3666
6392,225,23,0.6380
6393,225,23,0.9195
6394,225,23,0.9249
6395,225,23,0.0307
6396,225,23,0.7062
5148,222,17,0.6207
5149,222,17,0.4711
5150,222,17,0.4378
5151,222,17,0.9014
5152,222,17,0.8649
5153,222,17,0.9452
5154,222,17,0.9001
5155,222,17,0.9762
5156,222,17,0.8586
5157,222,17,0.9619
5542,223,23,0.8058
5543,223,23,0.9769
5544,223,23,0.8919
5545,223,23,0.9541
5546,223,23,0.2357
5547,223,23,0.3960
6194,224,107,0.9430
6195,224,107,0.9251
6196,224,107,0.4530
6197,224,107,0.4304
6198,224,107,0.9831
6199,224,107,0.9684
6200,224,107,0.9635
6201,224,107,0.9533
6202,224,107,0.9938
6397,225,107,0.8789
6398,225,107,0.9720
6399,225,107,0.4257
6400,225,107,0.7392
6401,225,107,0.9110
5158,222,17,0.1279
5159,222,17,0.6446
5160,222,17,0.8737
5161,222,17,0.1419
5162,222,17,0.8215
5163,222,17,0.9571
5164,222,17,0.4800
5165,222,17,0.7713
5166,222,17,0.2142
5167,222,17,0.7527
5548,223,23,0.5026
5549,223,23,0.5609
5550,223,23,0.2204
5551,223,23,0.7817
5552,223,23,0.0298
5553,223,23,0.2280
5554,223,23,0.0643
5555,223,23,0.8675
5556,223,23,0.0679
5557,223,23,0.9542
6203,224,43,0.9389
6204,224,43,0.9825
6205,224,43,0.9459
6206,224,43,0.8890
6207,224,43,0.2066
6208,224,43,0.4373
6209,224,43,0.4346
6210,224,43,0.8408
6211,224,43,0.9312
6212,224,43,0.3366
6402,225,107,0.9079
6403,225,107,0.2267
6404,225,107,0.2065
6405,225,107,0.1452
5168,222,17,0.0747
5169,222,17,0.5381
5170,222,17,0.8282
5171,222,17,0.1944
5172,222,17,0.9617
5173,222,17,0.8331
5174,222,17,0.9678
5175,222,17,0.3511
5176,222,17,0.2589
5177,222,17,0.5145
5558,223,107,0.9633
5559,223,107,0.9893
5560,223,107,0.0198
5561,223,107,0.9382
5562,223,107,0.9958
5563,223,107,0.3902
5564,223,107,0.1776
6213,224,43,0.9519
6214,224,43,0.9715
6215,224,43,0.9580
6216,224,43,0.7292
6217,224,43,0.7166
6218,224,43,0.2046
6219,224,43,0.9709
6220,224,43,0.9541
6221,224,43,0.6226
6222,224,43,0.9830
6406,225,107,0.9359
6407,225,107,0.0918
6408,225,107,0.9501
5178,222,17,0.2335
5179,222,17,0.7938
5180,222,17,0.8649
5181,222,17,0.9766
5182,222,17,0.9410
5183,222,17,0.5898
5184,222,17,0.8708
5185,222,17,0.0528
5186,222,17,0.4453
5187,222,17,0.7398
5565,223,107,0.9324
5566,223,107,0.7525
5567,223,107,0.9154
5568,223,107,0.3388
5569,223,107,0.9879
5570,223,107,0.9860
5571,223,107,0.8965
5572,223,107,0.9791
5573,223,107,0.7810
5574,223,107,0.9893
6223,224,17,0.5544
6224,224,17,0.7120
6409,225,107,0.9893
6410,225,107,0.9700
6411,225,107,0.9800
6412,225,107,0.9937
6413,225,107,0.9522
6414,225,107,0.9959
6415,225,107,0.9258
6416,225,107,0.9857
6417,225,107,0.5337
6418,225,107,0.9508
5188,222,17,0.1144
5189,222,17,0.5483
5190,222,17,0.5285
5191,222,17,0.8865
5192,222,17,0.7805
5193,222,17,0.9453
5194,222,17,0.6644
5195,222,17,0.7359
5196,222,17,0.7994
5197,222,17,0.9481
5575,223,43,0.9717
5576,223,43,0.9794
5577,223,43,0.8017
5578,223,43,0.8445
5579,223,43,0.9835
5580,223,43,0.5393
5581,223,43,0.5200
5582,223,43,0.8417
5583,223,43,0.9678
5584,223,43,0.9798
6225,224,17,0.9028
6226,224,17,0.8588
6227,224,17,0.4884
6228,224,17,0.9839
6229,224,17,0.7066
6230,224,17,0.9469
6231,224,17,0.2489
6232,224,17,0.9649
6419,225,43,0.7705
6420,225,43,0.1291
6421,225,43,0.9915
6422,225,43,0.9920
6423,225,43,0.8354
6424,225,43,0.9757
6425,225,43,0.9886
6426,225,43,0.3398
6427,225,43,0.9729
6428,225,43,0.2255
5198,222,17,0.3469
5199,222,17,0.5741
5200,222,17,0.9624
5201,222,17,0.0096
5202,222,17,0.0841
5203,222,17,0.1933
5204,222,17,0.1655
5205,222,17,0.6152
5206,222,17,0.6634
5207,222,17,0.1070
5585,223,43,0.9805
5586,223,43,0.9843
5587,223,43,0.7293
5588,223,43,0.9802
5589,223,43,0.9888
5590,223,43,0.2635
5591,223,43,0.5938
5592,223,43,0.6484
5593,223,43,0.4988
5594,223,43,0.2501
6233,224,17,0.5837
6234,224,17,0.9524
6429,225,43,0.7072
6430,225,43,0.9613
6431,225,43,0.5466
6432,225,43,0.9704
6433,225,43,0.9858
6434,225,43,0.9892
6435,225,43,0.5341
6436,225,43,0.1318
6437,225,43,0.5047
6438,225,43,0.8902
5208,222,17,0.6509
5209,222,17,0.2510
5210,222,17,0.7420
5211,222,17,0.0381
5212,222,17,0.0444
5213,222,17,0.1751
5214,222,17,0.9171
5215,222,17,0.9019
5216,222,17,0.8399
5217,222,17,0.2007
5595,223,43,0.8521
5596,223,43,0.5993
5597,223,43,0.4162
5598,223,43,0.4927
5599,223,43,0.9696
5600,223,43,0.9938
5601,223,43,0.9966
5602,223,43,0.9987
5603,223,43,0.9988
6235,224,17,0.7515
6236,224,17,0.1613
6237,224,17,0.9473
6238,224,17,0.5986
6239,224,17,0.9627
6240,224,17,0.8869
6241,224,17,0.8067
6242,224,17,0.9058
6243,224,17,0.9434
6244,224,17,0.0178
6439,225,43,0.3400
6440,225,43,0.9742
6441,225,43,0.9931
6442,225,43,0.9956
6443,225,43,0.9939
6444,225,43,0.2197
6445,225,43,0.1616
6446,225,43,0.5237
6447,225,43,0.9309
6448,225,43,0.1970
5218,222,17,0.7906
5219,222,17,0.7887
5220,222,17,0.0279
5221,222,17,0.7584
5222,222,17,0.2263
5223,222,17,0.3938
5224,222,17,0.8420
5225,222,17,0.8313
5226,222,17,0.6860
5227,222,17,0.5936
5604,223,43,0.9259
5605,223,43,0.9792
5606,223,43,0.9819
5607,223,43,0.1586
5608,223,43,0.8762
5609,223,43,0.9731
5610,223,43,0.9777
5611,223,43,0.6056
5612,223,43,0.9825
5613,223,43,0.9598
6245,224,17,0.9451
6246,224,17,0.9763
6247,224,17,0.9186
6248,224,17,0.9630
6249,224,17,0.9831
6250,224,17,0.9918
6251,224,17,0.2475
6252,224,17,0.1660
6253,224,17,0.9303
6254,224,17,0.9733
6449,225,17,0.5770
6450,225,17,0.2489
6451,225,17,0.9618
6452,225,17,0.9863
6453,225,17,0.9830
6454,225,17,0.4423
6455,225,17,0.9727
6456,225,17,0.0668
5228,222,17,0.8413
5229,222,17,0.3483
5230,222,17,0.8348
5231,222,17,0.8060
5232,222,17,0.5759
5233,222,17,0.4209
5234,222,17,0.3993
5235,222,17,0.1171
5236,222,17,0.8313
5237,222,17,0.9514
5614,223,17,0.9730
5615,223,17,0.9875
5616,223,17,0.6004
5617,223,17,0.0120
5618,223,17,0.1608
5619,223,17,0.8936
5620,223,17,0.9265
5621,223,17,0.1090
5622,223,17,0.2246
5623,223,17,0.3308
6255,224,17,0.7984
6256,224,17,0.9665
6257,224,17,0.9819
6258,224,17,0.9614
6259,224,17,0.9910
6260,224,17,0.9172
6261,224,17,0.4528
6262,224,17,0.9300
6263,224,17,0.9745
6264,224,17,0.8664
6457,225,17,0.6172
6458,225,17,0.5556
6459,225,17,0.9569
6460,225,17,0.9754
6461,225,17,0.9931
6462,225,17,0.0226
6463,225,17,0.6486
5238,222,17,0.1427
5239,222,17,0.8800
5240,222,17,0.6898
5241,222,17,0.2979
5242,222,17,0.5210
5243,222,17,0.2050
5244,222,17,0.2404
5245,222,17,0.1889
5246,222,17,0.5816
5247,222,17,0.7130
5624,223,17,0.7996
5625,223,17,0.9307
6265,224,17,0.9061
6266,224,17,0.2463
6267,224,17,0.7787
6268,224,17,0.8578
6269,224,17,0.8584
6270,224,17,0.9698
6271,224,17,0.9467
6272,224,17,0.9751
6273,224,17,0.9940
6274,224,17,0.8729
6464,225,17,0.5068
6465,225,17,0.7021
5248,222,17,0.4772
5249,222,17,0.3360
5250,222,17,0.2135
5251,222,17,0.3404
5252,222,17,0.4831
5253,222,17,0.8443
5254,222,17,0.1324
5255,222,17,0.3612
5256,222,17,0.8547
5257,222,17,0.9610
5626,223,17,0.4843
5627,223,17,0.9619
5628,223,17,0.0291
6275,224,17,0.7278
6276,224,17,0.5987
6277,224,17,0.1379
6278,224,17,0.4485
6279,224,17,0.9055
6280,224,17,0.9863
6281,224,17,0.9944
6282,224,17,0.9924
6283,224,17,0.9693
6284,224,17,0.9889
6466,225,17,0.8574
6467,225,17,0.9857
6468,225,17,0.9898
6469,225,17,0.9677
6470,225,17,0.1392
6471,225,17,0.8476
6472,225,17,0.8295
6473,225,17,0.0058
6474,225,17,0.9108
6475,225,17,0.0465
5258,222,17,0.8630
5259,222,17,0.0785
5260,222,17,0.3726
5261,222,17,0.8338
5262,222,17,0.5252
5263,222,17,0.6221
5264,222,17,0.0806
5265,222,17,0.3405
5266,222,17,0.8079
5267,222,17,0.1296
5629,223,17,0.2474
5630,223,17,0.4285
5631,223,17,0.5321
6285,224,17,0.8369
6286,224,17,0.8611
6287,224,17,0.9799
6288,224,17,0.2259
6289,224,17,0.4561
6290,224,17,0.5635
6291,224,17,0.9867
6292,224,17,0.6278
6293,224,17,0.5653
6294,224,17,0.8289
6476,225,17,0.9224
6477,225,17,0.9829
6478,225,17,0.2081
6479,225,17,0.9097
6480,225,17,0.9801
6481,225,17,0.9634
6482,225,17,0.4299
6483,225,17,0.5649
5268,222,17,0.7862
5269,222,17,0.9387
5270,222,17,0.0114
5271,222,17,0.4485
5272,222,17,0.8442
5273,222,17,0.6479
5274,222,17,0.9142
5275,222,17,0.9766
5276,222,17,0.8537
5277,222,17,0.8578
5632,223,17,0.3781
5633,223,17,0.9497
5634,223,17,0.0091
5635,223,17,0.4557
5636,223,17,0.2757
6295,224,17,0.8436
6296,224,17,0.8311
6297,224,17,0.5969
6298,224,17,0.9339
6299,224,17,0.9369
6300,224,17,0.8282
6301,224,17,0.9929
6302,224,17,0.9974
6303,224,17,0.9985
6304,224,17,0.9984
6484,225,17,0.7703
6485,225,17,0.4653
5278,222,17,0.5770
5279,222,17,0.9428
5280,222,17,0.7596
5281,222,17,0.8826
5282,222,17,0.2891
5283,222,17,0.8859
5284,222,17,0.9882
5285,222,17,0.9962
5286,222,17,0.9989
5287,222,17,0.9984
5637,223,17,0.8793
5638,223,17,0.0342
5639,223,17,0.3246
5640,223,17,0.5356
6305,224,17,0.8221
6306,224,17,0.0439
6307,224,17,0.9491
6308,224,17,0.9601
6309,224,17,0.7947
6310,224,17,0.7687
6311,224,17,0.1487
6312,224,17,0.9357
6313,224,17,0.9726
6314,224,17,0.9930
6486,225,17,0.7251
6487,225,17,0.7408
6488,225,17,0.9799
6489,225,17,0.9964
6490,225,17,0.9849
6491,225,17,0.2012
6492,225,17,0.1455
6493,225,17,0.9817
5288,222,17,0.1489
5289,222,17,0.3645
5290,222,17,0.8807
5291,222,17,0.8980
5292,222,17,0.8997
5293,222,17,0.9638
5294,222,17,0.0736
5295,222,17,0.3562
5296,222,17,0.9490
5297,222,17,0.4108
5641,223,17,0.3487
5642,223,17,0.6015
5643,223,17,0.3603
6315,224,17,0.6208
6316,224,17,0.8563
6317,224,17,0.5754
6318,224,17,0.5988
6319,224,17,0.8179
6320,224,17,0.1267
6321,224,17,0.8875
6322,224,17,0.3801
6323,224,17,0.5492
6324,224,17,0.9928
6494,225,17,0.3419
6495,225,17,0.7054
6496,225,17,0.9122
6497,225,17,0.6171
6498,225,17,0.0617
6499,225,17,0.7631
6500,225,17,0.8634
6501,225,17,0.2530
6502,225,17,0.9342
6503,225,17,0.4719
5298,222,17,0.6311
5299,222,17,0.7437
5300,222,17,0.0421
5301,222,17,0.8079
5302,222,17,0.5196
5303,222,17,0.4267
5304,222,17,0.7102
5305,222,17,0.1115
5306,222,17,0.3882
5307,222,17,0.5372
5644,223,17,0.0445
5645,223,17,0.4989
5646,223,17,0.7541
6325,224,93,0.9581
6326,224,93,0.6587
6327,224,93,0.6107
6328,224,93,0.9842
6329,224,93,0.9888
6330,224,93,0.9760
6331,224,93,0.9911
6332,224,93,0.9920
6333,224,93,0.9060
6334,224,93,0.8388
6504,225,17,0.5781
6505,225,17,0.8725
6506,225,17,0.0933
5308,222,17,0.1189
5309,222,17,0.2415
5310,222,17,0.7411
5311,222,17,0.6272
5312,222,17,0.4923
5313,222,17,0.8865
5314,222,17,0.2727
5315,222,17,0.2366
5316,222,17,0.6003
5317,222,17,0.9206
5647,223,17,0.5310
5648,223,17,0.1884
5649,223,17,0.2322
6335,224,43,0.3879
6507,225,17,0.6928
6508,225,17,0.0895
6509,225,17,0.7754
6510,225,17,0.7408
6511,225,17,0.9655
5318,222,17,0.9050
5319,222,17,0.0139
5320,222,17,0.8259
5321,222,17,0.2786
5322,222,17,0.2650
5323,222,17,0.2808
5324,222,17,0.7416
5325,222,17,0.9446
5326,222,17,0.9905
5327,222,17,0.9846
5650,223,17,0.7751
5651,223,17,0.4254
5652,223,17,0.1595
6336,224,43,0.0322
6512,225,17,0.2129
6513,225,17,0.6276
5328,222,17,0.0353
5329,222,17,0.8728
5330,222,17,0.4528
5331,222,17,0.7725
5332,222,17,0.1891
5333,222,17,0.9122
5334,222,17,0.1117
5335,222,17,0.4467
5336,222,17,0.3965
5337,222,17,0.9452
5653,223,17,0.0491
5654,223,17,0.3259
5655,223,17,0.2188
5656,223,17,0.7298
6514,225,17,0.8058
6515,225,17,0.4138
6572,226,132,0.6371
6573,226,132,0.9638
6574,226,132,0.9667
6575,226,132,0.9811
6576,226,132,0.8082
6577,226,132,0.9654
6578,226,132,0.9511
6579,226,132,0.9810
6580,226,132,0.9873
6581,226,132,0.9803
5338,222,17,0.8243
5339,222,17,0.6113
5340,222,17,0.9725
5341,222,17,0.9870
5342,222,17,0.9855
5343,222,17,0.9876
5344,222,17,0.7800
5345,222,17,0.9747
5346,222,17,0.9807
5347,222,17,0.9578
5657,223,17,0.3901
5658,223,17,0.2322
5659,223,17,0.6593
6516,225,17,0.8105
6517,225,17,0.5459
6582,226,23,0.9473
6583,226,23,0.2140
6584,226,23,0.9876
6585,226,23,0.9937
6586,226,23,0.9116
6587,226,23,0.5941
6588,226,23,0.9807
6589,226,23,0.7748
6590,226,23,0.3713
6591,226,23,0.4514
5348,222,93,0.8459
5349,222,93,0.4198
5350,222,93,0.5454
5351,222,93,0.0503
5352,222,93,0.4899
5353,222,93,0.0771
5354,222,93,0.5889
5355,222,93,0.8699
5356,222,93,0.2228
5357,222,93,0.1608
5660,223,17,0.9069
5661,223,17,0.9674
5662,223,17,0.9876
5663,223,17,0.6322
5664,223,17,0.6157
5665,223,17,0.9465
6518,225,17,0.8765
6519,225,17,0.4792
6592,226,23,0.0802
6593,226,23,0.7299
5358,222,93,0.7903
5359,222,93,0.4435
5360,222,93,0.6933
5361,222,93,0.7435
5362,222,93,0.8834
5363,222,93,0.9826
5364,222,93,0.8003
5365,222,93,0.8733
5366,222,93,0.9966
5367,222,93,0.9971
5666,223,17,0.4127
5667,223,17,0.9254
5668,223,17,0.5049
5669,223,17,0.5462
5670,223,17,0.2006
6520,225,17,0.3221
6521,225,17,0.5251
6594,226,23,0.8984
6595,226,23,0.8159
5368,222,132,0.8088
5369,222,132,0.0341
5370,222,132,0.6348
5371,222,132,0.9255
5372,222,132,0.9849
5373,222,132,0.7568
5374,222,132,0.8895
5375,222,132,0.9927
5376,222,132,0.0452
5377,222,132,0.9356
5671,223,17,0.8981
5672,223,17,0.7683
5673,223,17,0.2948
6522,225,17,0.9824
6523,225,17,0.9878
6524,225,17,0.8962
6525,225,17,0.9893
6526,225,17,0.1653
6527,225,17,0.4238
6596,226,23,0.7238
6597,226,23,0.7518
6598,226,23,0.9572
6599,226,23,0.9864
6600,226,23,0.6117
6601,226,23,0.6697
6602,226,23,0.8958
6603,226,23,0.4662
5674,223,17,0.7212
5675,223,17,0.3882
6528,225,17,0.2277
6529,225,17,0.1850
6530,225,17,0.1046
6531,225,17,0.3817
6532,225,17,0.3527
6604,226,23,0.1867
6605,226,23,0.3702
6606,226,23,0.4544
6765,227,132,0.9582
6766,227,132,0.8690
6767,227,132,0.9797
6768,227,132,0.8540
6769,227,132,0.9723
6770,227,132,0.9774
6771,227,132,0.9835
6772,227,132,0.0522
6773,227,132,0.9819
6774,227,132,0.9919
5676,223,17,0.8732
5677,223,17,0.9387
5678,223,17,0.6593
5679,223,17,0.3686
5680,223,17,0.9593
5681,223,17,0.9840
5682,223,17,0.9922
5683,223,17,0.9920
5684,223,17,0.9969
5685,223,17,0.9936
6533,225,17,0.9200
6534,225,17,0.9726
6535,225,17,0.9918
6536,225,17,0.0198
6537,225,17,0.9279
6538,225,17,0.9927
6539,225,17,0.9471
6540,225,17,0.0627
6607,226,23,0.6595
6608,226,23,0.7707
6609,226,23,0.9846
6610,226,23,0.3569
6611,226,23,0.9014
6612,226,23,0.9426
6613,226,23,0.9521
6614,226,23,0.8119
6615,226,23,0.9260
6616,226,23,0.7625
6775,227,132,0.9532
6776,227,132,0.9637
6777,227,132,0.1237
6778,227,132,0.9490
5686,223,17,0.9364
5687,223,17,0.1613
5688,223,17,0.9964
5689,223,17,0.5917
5690,223,17,0.8811
5691,223,17,0.9240
5692,223,17,0.9117
5693,223,17,0.9714
5694,223,17,0.1484
5695,223,17,0.2817
6541,225,17,0.4829
6542,225,17,0.9625
6543,225,17,0.2455
6617,226,23,0.9806
6618,226,23,0.4750
6779,227,132,0.8201
6780,227,132,0.7820
6781,227,132,0.9787
6782,227,132,0.9712
6783,227,132,0.7179
6784,227,132,0.9252
6785,227,132,0.9926
6786,227,132,0.4911
6787,227,132,0.9215
5696,223,17,0.2705
5697,223,17,0.8954
5698,223,17,0.5678
5699,223,17,0.5535
5700,223,17,0.9264
6544,225,17,0.1334
6545,225,17,0.7538
6619,226,23,0.4051
6620,226,23,0.6974
6621,226,23,0.1712
6788,227,132,0.9471
6789,227,132,0.7382
6790,227,132,0.3319
5701,223,17,0.5816
5702,223,17,0.8577
6546,225,17,0.7198
6547,225,17,0.7628
6622,226,23,0.4947
6623,226,23,0.8342
6791,227,132,0.9716
6792,227,132,0.9030
6793,227,132,0.4351
5703,223,17,0.4006
5704,223,17,0.1814
5705,223,17,0.9882
5706,223,17,0.9230
5707,223,17,0.3347
5708,223,17,0.6781
6548,225,17,0.6326
6549,225,17,0.5181
6550,225,17,0.3217
6624,226,23,0.9533
6625,226,23,0.8384
6794,227,132,0.1042
6795,227,132,0.8922
6796,227,132,0.0347
6797,227,132,0.4827
5709,223,17,0.6120
5710,223,17,0.7513
5711,223,17,0.9572
5712,223,17,0.5627
5713,223,17,0.6207
5714,223,17,0.9336
5715,223,17,0.7866
5716,223,17,0.9516
5717,223,17,0.2245
5718,223,17,0.8730
6551,225,17,0.1019
6552,225,17,0.9627
6553,225,17,0.9471
6554,225,17,0.0143
6555,225,17,0.9554
6556,225,17,0.9931
6557,225,17,0.6116
6558,225,17,0.9208
6559,225,17,0.8716
6560,225,17,0.9876
6626,226,23,0.8823
6627,226,23,0.7360
6798,227,132,0.7374
6799,227,132,0.0488
6800,227,132,0.9899
6801,227,132,0.9809
6802,227,132,0.9587
6803,227,132,0.9507
6804,227,132,0.8526
6805,227,132,0.9779
6806,227,132,0.2414
6807,227,132,0.2395
5719,223,17,0.5308
5720,223,17,0.5151
5721,223,17,0.6933
5722,223,17,0.8683
5723,223,17,0.4835
5724,223,17,0.6849
5725,223,17,0.9582
5726,223,17,0.9927
5727,223,17,0.1713
5728,223,17,0.8229
6561,225,93,0.6527
6562,225,93,0.5351
6628,226,23,0.6034
6629,226,23,0.7673
6630,226,23,0.9061
6631,226,23,0.9607
6808,227,132,0.6261
6809,227,132,0.7108
6810,227,132,0.9878
6811,227,132,0.9613
6812,227,132,0.6516
6813,227,132,0.9565
6814,227,132,0.3525
6815,227,132,0.3690
5729,223,17,0.1695
5730,223,17,0.2889
5731,223,17,0.2092
5732,223,17,0.0988
5733,223,17,0.9708
5734,223,17,0.6534
5735,223,17,0.6914
5736,223,17,0.3582
5737,223,17,0.5115
5738,223,17,0.2346
6563,225,93,0.8605
6564,225,93,0.8953
6565,225,93,0.9600
6566,225,93,0.5403
6567,225,93,0.9843
6568,225,93,0.9970
6569,225,93,0.9928
6570,225,93,0.9944
6571,225,93,0.1797
6632,226,23,0.8699
6633,226,23,0.3482
6634,226,23,0.7963
6635,226,23,0.9518
6816,227,132,0.9546
6817,227,132,0.4824
6818,227,132,0.3340
5739,223,17,0.9903
5740,223,17,0.0618
5741,223,17,0.9633
5742,223,17,0.1279
5743,223,17,0.9087
5744,223,17,0.4556
5745,223,17,0.0659
5746,223,17,0.3490
5747,223,17,0.7597
5748,223,17,0.7005
6636,226,23,0.4469
6637,226,23,0.7922
6819,227,132,0.9371
6820,227,132,0.7985
6821,227,132,0.1136
6822,227,132,0.9903
6823,227,132,0.3137
6824,227,132,0.9212
7642,228,132,0.6834
7643,228,132,0.7098
7644,228,132,0.1042
7645,228,132,0.8975
7646,228,132,0.9849
7647,228,132,0.7771
7648,228,132,0.9799
7649,228,132,0.9886
7650,228,132,0.9935
7651,228,132,0.9732
5749,223,17,0.2643
5750,223,17,0.5172
5751,223,17,0.7964
5752,223,17,0.3173
5753,223,17,0.1817
5754,223,17,0.6350
5755,223,17,0.2244
5756,223,17,0.7653
5757,223,17,0.5810
5758,223,17,0.0588
6638,226,23,0.8376
6639,226,23,0.7647
6640,226,23,0.6805
6641,226,23,0.8266
6642,226,23,0.0237
6643,226,23,0.3130
6644,226,23,0.9152
6645,226,23,0.5965
6646,226,23,0.4243
6647,226,23,0.6271
6825,227,132,0.9541
6826,227,132,0.8462
6827,227,132,0.9011
7652,228,132,0.9920
7653,228,132,0.9857
7654,228,132,0.8214
7655,228,132,0.9918
7656,228,132,0.6374
7657,228,132,0.9430
7658,228,132,0.7859
7659,228,132,0.9389
7660,228,132,0.9828
7661,228,132,0.9886
5759,223,17,0.2094
5760,223,17,0.1845
5761,223,17,0.0729
5762,223,17,0.3282
5763,223,17,0.7885
5764,223,17,0.7012
5765,223,17,0.6352
5766,223,17,0.1944
5767,223,17,0.8358
5768,223,17,0.7482
6648,226,23,0.8846
6649,226,23,0.9584
6650,226,23,0.9659
6651,226,23,0.8132
6652,226,23,0.8956
6653,226,23,0.2732
6828,227,132,0.2399
6829,227,132,0.7844
6830,227,132,0.9747
6831,227,132,0.9275
6832,227,132,0.6793
6833,227,132,0.9061
6834,227,132,0.9862
6835,227,132,0.9347
6836,227,132,0.1482
7662,228,132,0.7417
7663,228,132,0.9810
7664,228,132,0.9926
7665,228,132,0.9906
7666,228,132,0.9923
7667,228,132,0.7187
7668,228,132,0.9566
7669,228,132,0.9863
7670,228,132,0.9853
7671,228,132,0.9789
5769,223,17,0.4301
5770,223,17,0.5193
5771,223,17,0.0783
5772,223,17,0.0430
5773,223,17,0.2031
5774,223,17,0.0861
5775,223,17,0.5881
5776,223,17,0.7360
5777,223,17,0.9393
5778,223,17,0.8784
6654,226,23,0.7266
6655,226,23,0.9610
6656,226,23,0.3492
6657,226,23,0.8522
6837,227,132,0.9905
6838,227,132,0.9692
6839,227,132,0.8791
6840,227,132,0.9771
6841,227,132,0.5365
6842,227,132,0.9000
6843,227,132,0.9621
6844,227,132,0.9136
6845,227,132,0.9612
6846,227,132,0.9868
7672,228,23,0.8076
7673,228,23,0.9290
7674,228,23,0.9864
7675,228,23,0.2949
7676,228,23,0.6682
7677,228,23,0.9547
7678,228,23,0.9659
7679,228,23,0.9898
7680,228,23,0.9954
7681,228,23,0.9956
5779,223,17,0.9230
5780,223,17,0.1482
5781,223,17,0.5905
5782,223,17,0.3296
5783,223,17,0.2375
5784,223,17,0.6005
5785,223,17,0.2633
5786,223,17,0.1026
5787,223,17,0.1244
5788,223,17,0.3048
6658,226,23,0.1525
6659,226,23,0.3598
6847,227,23,0.6680
6848,227,23,0.3269
7682,228,23,0.8415
7683,228,23,0.5765
7684,228,23,0.0431
7685,228,23,0.7958
7686,228,23,0.9943
7687,228,23,0.9983
7688,228,23,0.9978
7689,228,23,0.9961
7690,228,23,0.9984
7691,228,23,0.9896
5789,223,17,0.1275
5790,223,17,0.2392
5791,223,17,0.7398
5792,223,17,0.1641
5793,223,17,0.6049
5794,223,17,0.9521
5795,223,17,0.9364
5796,223,17,0.9422
5797,223,17,0.4506
5798,223,17,0.9739
6660,226,23,0.9352
6661,226,23,0.8155
6849,227,23,0.3646
6850,227,23,0.7022
7692,228,23,0.9246
7693,228,23,0.5628
7694,228,23,0.6653
7695,228,23,0.9799
7696,228,23,0.9965
7697,228,23,0.9992
7698,228,23,0.9978
7699,228,23,0.9918
7700,228,23,0.9945
7701,228,23,0.9985
5799,223,17,0.1416
5800,223,17,0.4936
5801,223,17,0.7116
5802,223,17,0.8840
5803,223,17,0.9066
5804,223,17,0.9573
5805,223,17,0.0404
5806,223,17,0.0826
5807,223,17,0.5082
5808,223,17,0.0764
6662,226,23,0.9606
6663,226,23,0.9775
6664,226,23,0.7487
6665,226,23,0.3723
6666,226,23,0.9728
6667,226,23,0.9773
6851,227,23,0.9795
6852,227,23,0.3477
7702,228,23,0.2826
7703,228,23,0.7564
7704,228,23,0.8178
7705,228,23,0.9768
7706,228,23,0.9885
7707,228,23,0.9882
7708,228,23,0.9987
7709,228,23,0.9719
7710,228,23,0.9921
7711,228,23,0.9983
5809,223,17,0.8594
5810,223,17,0.8992
5811,223,17,0.1314
5812,223,17,0.0276
5813,223,17,0.2640
5814,223,17,0.4478
5815,223,17,0.7287
5816,223,17,0.1374
5817,223,17,0.7301
5818,223,17,0.6956
6668,226,23,0.1702
6669,226,23,0.6241
6853,227,23,0.9834
6854,227,23,0.8110
6855,227,23,0.4082
6856,227,23,0.4694
6857,227,23,0.3518
6858,227,23,0.5295
6859,227,23,0.8013
6860,227,23,0.7162
6861,227,23,0.9472
6862,227,23,0.7232
7712,228,23,0.6839
7713,228,23,0.7151
7714,228,23,0.9688
7715,228,23,0.9774
7716,228,23,0.8787
7717,228,23,0.6332
7718,228,23,0.7269
7719,228,23,0.9658
7720,228,23,0.9792
7721,228,23,0.9800
5819,223,17,0.7945
5820,223,17,0.9651
5821,223,17,0.0153
5822,223,17,0.9262
5823,223,17,0.5334
5824,223,17,0.9581
5825,223,17,0.9041
5826,223,17,0.0430
5827,223,17,0.0679
5828,223,17,0.0514
6670,226,23,0.6430
6671,226,23,0.9593
6672,226,23,0.1648
6673,226,23,0.5400
6674,226,23,0.4529
6863,227,23,0.1112
6864,227,23,0.1386
6865,227,23,0.0116
6866,227,23,0.0303
6867,227,23,0.9228
6868,227,23,0.5084
6869,227,23,0.0666
6870,227,23,0.6545
6871,227,23,0.6265
6872,227,23,0.1150
7722,228,23,0.8100
7723,228,23,0.7961
7724,228,23,0.7043
7725,228,23,0.9619
7726,228,23,0.9879
7727,228,23,0.9921
7728,228,23,0.9981
7729,228,23,0.9989
7730,228,23,0.9989
7731,228,23,0.9989
5829,223,17,0.2552
5830,223,17,0.4956
5831,223,17,0.8513
5832,223,17,0.7100
5833,223,17,0.5006
5834,223,17,0.8035
5835,223,17,0.9372
5836,223,17,0.0324
5837,223,17,0.0323
5838,223,17,0.2620
6675,226,23,0.8729
6676,226,23,0.1399
6677,226,23,0.5250
6678,226,23,0.8900
6679,226,23,0.9751
6680,226,23,0.0590
6681,226,23,0.9665
6682,226,23,0.9420
6683,226,23,0.6233
6873,227,23,0.7878
6874,227,23,0.3188
6875,227,23,0.8891
6876,227,23,0.2670
6877,227,23,0.8748
6878,227,23,0.1225
7732,228,23,0.6444
7733,228,23,0.5426
7734,228,23,0.3909
7735,228,23,0.9786
7736,228,23,0.9940
7737,228,23,0.9980
7738,228,23,0.9976
7739,228,23,0.9987
7740,228,23,0.9991
7741,228,23,0.9978
5839,223,17,0.9155
5840,223,17,0.5747
5841,223,17,0.2261
5842,223,17,0.8572
5843,223,17,0.9055
5844,223,17,0.6821
5845,223,17,0.6359
5846,223,17,0.9481
5847,223,17,0.0327
5848,223,17,0.9545
6684,226,107,0.6875
6685,226,107,0.2309
6686,226,107,0.9902
6687,226,107,0.9759
6688,226,107,0.7629
6689,226,107,0.9788
6690,226,107,0.9818
6691,226,107,0.8200
6692,226,107,0.7220
6879,227,23,0.0628
6880,227,23,0.1614
6881,227,23,0.1117
6882,227,23,0.5814
6883,227,23,0.8624
6884,227,23,0.9400
6885,227,23,0.5281
6886,227,23,0.9711
6887,227,23,0.0855
6888,227,23,0.4775
7742,228,23,0.9604
7743,228,23,0.5250
7744,228,23,0.9148
7745,228,23,0.9947
7746,228,23,0.9887
7747,228,23,0.9953
7748,228,23,0.9980
7749,228,23,0.9985
7750,228,23,0.9987
7751,228,23,0.9964
5849,223,17,0.6540
5850,223,17,0.4009
5851,223,17,0.4932
5852,223,17,0.9044
5853,223,17,0.6964
5854,223,17,0.1104
5855,223,17,0.4952
5856,223,17,0.3124
5857,223,17,0.1304
5858,223,17,0.2306
6693,226,43,0.9451
6694,226,43,0.6306
6695,226,43,0.8343
6696,226,43,0.4784
6697,226,43,0.9570
6698,226,43,0.2340
6699,226,43,0.8492
6889,227,23,0.1936
6890,227,23,0.8708
6891,227,23,0.4083
6892,227,23,0.0659
6893,227,23,0.5232
6894,227,23,0.3580
6895,227,23,0.9419
6896,227,23,0.8695
6897,227,23,0.0489
6898,227,23,0.3971
7752,228,23,0.9020
7753,228,23,0.1834
7754,228,23,0.9769
7755,228,23,0.9780
7756,228,23,0.9804
7757,228,23,0.9846
7758,228,23,0.8178
7759,228,23,0.9105
7760,228,23,0.9923
7761,228,23,0.6047
5859,223,17,0.1508
5860,223,17,0.1500
5861,223,17,0.8603
5862,223,17,0.0163
5863,223,17,0.7705
5864,223,17,0.3713
5865,223,17,0.5861
5866,223,17,0.3835
5867,223,17,0.8537
5868,223,17,0.9784
6700,226,43,0.3294
6701,226,43,0.8555
6899,227,23,0.9387
6900,227,23,0.1269
6901,227,23,0.9441
6902,227,23,0.8077
6903,227,23,0.9815
6904,227,23,0.9392
6905,227,23,0.9825
6906,227,23,0.9194
6907,227,23,0.9377
6908,227,23,0.1177
7762,228,107,0.8575
7763,228,107,0.0372
7764,228,107,0.1750
7765,228,107,0.8146
7766,228,107,0.6008
7767,228,107,0.9231
7768,228,107,0.8438
7769,228,107,0.9652
7770,228,107,0.1685
7771,228,107,0.9389
5869,223,17,0.4895
5870,223,17,0.2761
6702,226,43,0.9154
6703,226,43,0.0225
6704,226,43,0.9929
6705,226,43,0.9883
6706,226,43,0.9922
6707,226,43,0.9956
6708,226,43,0.7500
6709,226,43,0.0191
6710,226,43,0.9734
6711,226,43,0.9233
6909,227,23,0.3090
6910,227,23,0.8768
6911,227,23,0.9732
6912,227,23,0.9952
6913,227,23,0.9982
6914,227,23,0.9932
6915,227,23,0.9980
6916,227,23,0.9956
6917,227,23,0.9977
6918,227,23,0.9958
7772,228,107,0.8725
7773,228,107,0.0478
7774,228,107,0.9275
7775,228,107,0.6505
7776,228,107,0.5567
7777,228,107,0.7536
7778,228,107,0.8901
7779,228,107,0.9458
7780,228,107,0.9725
7781,228,107,0.9407
5871,223,17,0.5362
5872,223,17,0.6564
5873,223,17,0.0314
5874,223,17,0.0395
5875,223,17,0.3874
5876,223,17,0.8909
5877,223,17,0.4643
5878,223,17,0.7912
5879,223,17,0.9618
5880,223,17,0.9081
6712,226,17,0.3595
6713,226,17,0.6678
6714,226,17,0.7694
6715,226,17,0.6571
6716,226,17,0.9675
6717,226,17,0.6857
6718,226,17,0.6662
6919,227,23,0.5361
6920,227,23,0.4117
6921,227,23,0.9778
6922,227,23,0.9489
6923,227,23,0.9781
6924,227,23,0.9922
6925,227,23,0.9941
6926,227,23,0.9579
6927,227,23,0.9915
6928,227,23,0.9966
7782,228,107,0.9118
7783,228,107,0.7282
7784,228,107,0.7444
7785,228,107,0.9835
7786,228,107,0.3033
7787,228,107,0.9161
7788,228,107,0.9255
7789,228,107,0.9666
7790,228,107,0.9821
5881,223,17,0.9131
5882,223,17,0.5134
5883,223,17,0.8805
5884,223,17,0.0533
5885,223,17,0.0813
5886,223,17,0.6904
5887,223,17,0.8329
5888,223,17,0.7493
5889,223,17,0.9397
5890,223,17,0.0177
6719,226,17,0.1941
6720,226,17,0.8616
6929,227,23,0.4171
6930,227,23,0.4293
6931,227,23,0.7994
6932,227,23,0.9538
6933,227,23,0.9919
6934,227,23,0.9942
6935,227,23,0.9929
6936,227,23,0.9957
6937,227,23,0.9829
6938,227,23,0.9960
7791,228,43,0.8100
7792,228,43,0.9031
7793,228,43,0.2558
7794,228,43,0.3693
7795,228,43,0.8680
7796,228,43,0.9169
7797,228,43,0.9817
7798,228,43,0.9729
7799,228,43,0.9946
7800,228,43,0.9985
5891,223,17,0.2405
5892,223,17,0.5159
5893,223,17,0.4723
5894,223,17,0.9670
5895,223,17,0.9459
5896,223,17,0.8338
5897,223,17,0.1096
5898,223,17,0.4990
5899,223,17,0.1859
5900,223,17,0.7060
6721,226,17,0.4192
6722,226,17,0.9826
6723,226,17,0.6941
6724,226,17,0.0153
6725,226,17,0.9912
6726,226,17,0.9906
6727,226,17,0.0941
6939,227,23,0.7058
6940,227,23,0.2069
6941,227,23,0.0844
6942,227,23,0.8348
6943,227,23,0.5712
6944,227,23,0.4624
6945,227,23,0.6783
6946,227,23,0.8988
6947,227,23,0.2654
6948,227,23,0.2205
7801,228,43,0.6630
7802,228,43,0.9871
7803,228,43,0.3062
7804,228,43,0.2061
7805,228,43,0.5345
7806,228,43,0.9964
7807,228,43,0.0035
7808,228,43,0.0972
7809,228,43,0.8418
7810,228,43,0.0591
5901,223,17,0.8288
5902,223,17,0.7862
5903,223,17,0.2539
5904,223,17,0.1423
5905,223,17,0.8873
5906,223,17,0.2918
5907,223,17,0.5297
5908,223,17,0.9266
5909,223,17,0.9570
5910,223,17,0.9960
6728,226,17,0.9649
6729,226,17,0.8224
6949,227,107,0.5917
6950,227,107,0.9520
6951,227,107,0.8968
6952,227,107,0.9706
6953,227,107,0.9970
6954,227,107,0.9777
6955,227,107,0.4552
6956,227,107,0.9886
6957,227,107,0.8137
7811,228,43,0.9332
7812,228,43,0.7336
7813,228,43,0.9884
7814,228,43,0.9352
7815,228,43,0.2549
7816,228,43,0.8054
7817,228,43,0.8941
7818,228,43,0.6009
7819,228,43,0.8670
7820,228,43,0.0829
5911,223,17,0.1392
5912,223,17,0.4339
5913,223,17,0.1718
5914,223,17,0.5123
5915,223,17,0.3166
5916,223,17,0.8430
5917,223,17,0.7894
5918,223,17,0.9529
5919,223,17,0.1902
5920,223,17,0.0210
6730,226,17,0.8200
6731,226,17,0.0924
6732,226,17,0.9669
6733,226,17,0.9905
6734,226,17,0.2601
6735,226,17,0.9607
6736,226,17,0.9843
6737,226,17,0.0975
6738,226,17,0.0736
6958,227,43,0.9803
6959,227,43,0.8730
6960,227,43,0.9765
6961,227,43,0.7388
6962,227,43,0.0707
6963,227,43,0.1391
7821,228,17,0.9342
7822,228,17,0.8366
7823,228,17,0.7815
7824,228,17,0.2680
7825,228,17,0.4004
7826,228,17,0.0886
7827,228,17,0.4401
7828,228,17,0.2775
7829,228,17,0.9498
7830,228,17,0.9835
5921,223,17,0.4847
5922,223,17,0.9663
5923,223,17,0.1193
5924,223,17,0.2114
5925,223,17,0.2295
5926,223,17,0.4095
5927,223,17,0.9503
5928,223,17,0.0944
5929,223,17,0.4258
5930,223,17,0.7396
6739,226,17,0.3841
6740,226,17,0.9088
6964,227,43,0.6628
6965,227,43,0.7923
7831,228,17,0.7920
7832,228,17,0.9384
7833,228,17,0.6098
7834,228,17,0.7846
7835,228,17,0.4247
7836,228,17,0.9719
7837,228,17,0.9827
7838,228,17,0.9919
7839,228,17,0.9912
5931,223,17,0.1444
5932,223,17,0.3360
5933,223,17,0.1504
5934,223,17,0.8926
5935,223,17,0.1193
5936,223,17,0.4208
5937,223,17,0.6599
5938,223,17,0.1476
5939,223,17,0.5120
5940,223,17,0.5418
6741,226,17,0.9825
6742,226,17,0.0392
6743,226,17,0.4141
6966,227,43,0.9326
6967,227,43,0.8322
6968,227,43,0.9716
6969,227,43,0.8606
6970,227,43,0.9802
6971,227,43,0.9899
7840,228,93,0.7705
7841,228,93,0.8566
7842,228,93,0.9860
7843,228,93,0.9358
7844,228,93,0.7691
7845,228,93,0.7012
7846,228,93,0.9585
7847,228,93,0.0369
7848,228,93,0.3133
7849,228,93,0.8272
5941,223,17,0.1294
5942,223,17,0.5288
5943,223,17,0.7549
5944,223,17,0.3589
5945,223,17,0.3614
5946,223,17,0.7810
5947,223,17,0.8341
5948,223,17,0.9150
5949,223,17,0.0235
5950,223,17,0.0540
6744,226,17,0.3930
6745,226,17,0.7848
6972,227,43,0.9703
6973,227,43,0.9251
6974,227,43,0.9914
6975,227,43,0.8787
6976,227,43,0.1334
6977,227,43,0.4400
6978,227,43,0.2262
6979,227,43,0.8438
7850,228,93,0.5054
7851,228,93,0.4917
7852,228,93,0.7437
7853,228,93,0.0246
7854,228,93,0.6544
7855,228,93,0.9161
7856,228,93,0.9556
7857,228,93,0.9920
7858,228,93,0.9979
7859,228,93,0.9956
5951,223,17,0.2543
5952,223,17,0.6416
5953,223,17,0.5206
5954,223,17,0.0476
5955,223,17,0.0806
5956,223,17,0.6739
5957,223,17,0.9280
5958,223,17,0.9346
5959,223,17,0.6768
5960,223,17,0.4457
6746,226,17,0.8963
6747,226,17,0.9564
6748,226,17,0.9870
6749,226,17,0.9916
6750,226,17,0.0972
6751,226,17,0.9373
6752,226,17,0.9924
6753,226,17,0.9043
6754,226,17,0.9885
6980,227,43,0.6153
6981,227,43,0.8954
6982,227,43,0.3537
6983,227,43,0.5393
7860,228,93,0.4922
7861,228,93,0.3258
7862,228,93,0.9663
7863,228,93,0.9952
7864,228,93,0.9958
7865,228,93,0.0058
7866,228,93,0.4100
7867,228,93,0.4240
7868,228,93,0.4187
7869,228,93,0.1973
5961,223,17,0.7628
5962,223,17,0.8880
5963,223,17,0.4559
5964,223,17,0.7434
5965,223,17,0.9391
5966,223,17,0.9854
5967,223,17,0.9854
5968,223,17,0.9099
5969,223,17,0.9244
5970,223,17,0.7711
6755,226,93,0.9689
6756,226,93,0.7823
6757,226,93,0.9901
6758,226,93,0.9786
6759,226,93,0.6845
6760,226,93,0.6694
6761,226,93,0.9794
6762,226,93,0.9849
6763,226,93,0.9272
6984,227,43,0.9688
6985,227,43,0.8908
6986,227,43,0.9908
6987,227,43,0.9875
6988,227,43,0.8404
6989,227,43,0.0470
7870,228,93,0.6854
7871,228,93,0.7355
7872,228,93,0.7799
7873,228,93,0.9748
7874,228,93,0.9933
7875,228,93,0.9924
7876,228,93,0.9920
7877,228,93,0.9818
7878,228,93,0.9942
5971,223,93,0.5389
5972,223,93,0.8874
5973,223,93,0.9681
5974,223,93,0.9418
5975,223,93,0.9824
5976,223,93,0.3913
5977,223,93,0.9873
5978,223,93,0.8471
5979,223,93,0.9666
5980,223,93,0.0803
6764,226,107,0.0689
6990,227,43,0.9742
6991,227,43,0.4764
6992,227,43,0.9590
6993,227,43,0.6243
6994,227,43,0.4734
6995,227,43,0.8648
6996,227,43,0.1320
6997,227,43,0.0407
6998,227,43,0.0518
6999,227,43,0.9267
7879,228,132,0.6737
7880,228,132,0.8561
7881,228,132,0.8173
7882,228,132,0.5512
7883,228,132,0.9582
7884,228,132,0.7848
7885,228,132,0.1805
7886,228,132,0.8940
7887,228,132,0.6482
7888,228,132,0.9599
5981,223,93,0.4602
5982,223,93,0.9841
5983,223,93,0.9266
5984,223,93,0.9932
5985,223,93,0.1651
5986,223,93,0.8031
5987,223,93,0.9904
5988,223,93,0.9535
5989,223,93,0.9969
5990,223,93,0.9987
7000,227,43,0.5399
7001,227,43,0.3813
7002,227,43,0.7185
7003,227,43,0.8596
7004,227,43,0.3640
7005,227,43,0.8872
7006,227,43,0.5154
7007,227,43,0.0805
7008,227,43,0.3481
7009,227,43,0.1304
7889,228,132,0.9047
7890,228,132,0.8975
7891,228,132,0.9494
7892,228,132,0.9912
7893,228,132,0.0959
7894,228,132,0.1751
7895,228,132,0.7481
7896,228,132,0.9856
7897,228,132,0.9692
7898,228,132,0.1662
7909,229,132,0.1421
7910,229,132,0.5914
7911,229,132,0.8923
7912,229,132,0.8008
7913,229,132,0.9661
7914,229,132,0.4765
7915,229,132,0.4168
7916,229,132,0.9776
7917,229,132,0.4783
7918,229,132,0.9743
5991,223,93,0.6659
5992,223,93,0.4556
5993,223,93,0.0812
5994,223,93,0.9707
5995,223,93,0.9797
5996,223,93,0.9576
5997,223,93,0.9881
5998,223,93,0.9967
5999,223,93,0.9707
6000,223,93,0.9924
7010,227,43,0.2917
7011,227,43,0.5822
7012,227,43,0.2165
7013,227,43,0.6305
7014,227,43,0.2406
7015,227,43,0.2058
7016,227,43,0.5195
7017,227,43,0.2808
7018,227,43,0.3330
7019,227,43,0.6717
7899,228,132,0.8389
7900,228,132,0.9875
7901,228,132,0.9509
7902,228,132,0.9492
7903,228,132,0.9765
7904,228,132,0.9857
7905,228,132,0.9903
7906,228,132,0.9823
7907,228,132,0.9375
7908,228,132,0.9878
7919,229,132,0.6613
7920,229,132,0.8737
7921,229,132,0.1381
7922,229,132,0.1823
6001,223,93,0.1705
6002,223,93,0.0796
6003,223,93,0.7195
6004,223,93,0.6539
6005,223,93,0.3499
6006,223,93,0.0574
6007,223,93,0.3714
6008,223,93,0.8944
6009,223,93,0.9390
6010,223,93,0.5648
7020,227,43,0.0686
7021,227,43,0.8832
7022,227,43,0.4817
7023,227,43,0.5720
7024,227,43,0.8796
7025,227,43,0.3258
7026,227,43,0.7961
7027,227,43,0.8623
7028,227,43,0.6863
7029,227,43,0.9641
7923,229,132,0.0472
7924,229,132,0.4166
8412,230,132,0.3369
8413,230,132,0.8144
8414,230,132,0.9825
8415,230,132,0.1789
8416,230,132,0.9812
8417,230,132,0.9954
8418,230,132,0.9936
8419,230,132,0.8766
8420,230,132,0.9823
8421,230,132,0.9849
6011,223,93,0.7321
6012,223,93,0.7823
6013,223,93,0.9283
6014,223,93,0.6390
6015,223,93,0.9633
6016,223,93,0.4974
6017,223,93,0.8295
6018,223,93,0.9615
6019,223,93,0.0066
6020,223,93,0.6974
7030,227,43,0.0526
7031,227,43,0.7631
7032,227,43,0.6307
7033,227,43,0.6849
7034,227,43,0.9229
7035,227,43,0.9238
7036,227,43,0.9805
7037,227,43,0.9811
7038,227,43,0.9964
7039,227,43,0.9848
7925,229,132,0.9750
7926,229,132,0.8019
7927,229,132,0.0254
7928,229,132,0.8770
8422,230,23,0.1523
8423,230,23,0.5321
8424,230,23,0.9153
6021,223,93,0.8551
6022,223,93,0.9778
6023,223,93,0.1206
6024,223,93,0.7194
6025,223,93,0.6846
6026,223,93,0.9700
6027,223,93,0.9855
6028,223,93,0.9911
6029,223,93,0.9965
6030,223,93,0.0331
7040,227,43,0.7656
7041,227,43,0.5073
7042,227,43,0.9109
7043,227,43,0.5035
7044,227,43,0.5478
7045,227,43,0.9145
7046,227,43,0.3258
7047,227,43,0.2749
7048,227,43,0.1977
7049,227,43,0.8872
7929,229,132,0.9487
7930,229,132,0.9666
7931,229,132,0.9940
7932,229,132,0.9906
7933,229,132,0.9920
7934,229,132,0.9884
7935,229,132,0.9771
7936,229,132,0.2186
7937,229,132,0.9632
7938,229,132,0.0199
8425,230,23,0.9000
8426,230,23,0.9833
8427,230,23,0.9955
8428,230,23,0.8607
7050,227,43,0.9103
7051,227,43,0.3471
7052,227,43,0.9913
7053,227,43,0.0802
7054,227,43,0.9019
7055,227,43,0.9974
7056,227,43,0.9993
7057,227,43,0.7346
7058,227,43,0.9966
7059,227,43,0.9969
7939,229,132,0.9312
7940,229,132,0.9500
7941,229,132,0.7544
7942,229,132,0.9417
7943,229,132,0.0416
8429,230,23,0.8697
8430,230,23,0.9632
8431,230,23,0.3588
8432,230,23,0.9861
8433,230,23,0.8657
8434,230,23,0.8558
8574,231,132,0.9568
8575,231,132,0.0165
8576,231,132,0.9695
8577,231,132,0.9548
8578,231,132,0.5949
8579,231,132,0.9604
8580,231,132,0.9741
8581,231,132,0.9822
8582,231,132,0.9586
8583,231,132,0.9296
7060,227,43,0.7030
7061,227,43,0.9920
7062,227,43,0.8533
7063,227,43,0.9786
7064,227,43,0.2420
7065,227,43,0.1127
7066,227,43,0.6249
7067,227,43,0.1011
7068,227,43,0.8545
7069,227,43,0.1065
7944,229,132,0.9281
7945,229,132,0.9923
7946,229,132,0.9882
7947,229,132,0.9457
7948,229,132,0.6936
7949,229,132,0.9839
7950,229,132,0.4529
7951,229,132,0.4490
7952,229,132,0.4413
7953,229,132,0.9920
8435,230,23,0.9627
8436,230,23,0.2729
8437,230,23,0.5459
8438,230,23,0.9739
8439,230,23,0.9619
8440,230,23,0.8424
8584,231,132,0.9888
8585,231,132,0.4263
8586,231,132,0.9769
8587,231,132,0.9740
8588,231,132,0.4078
8589,231,132,0.9653
8590,231,132,0.9669
8591,231,132,0.9383
8592,231,132,0.9883
8593,231,132,0.9945
7070,227,43,0.7102
7071,227,43,0.5974
7072,227,43,0.7657
7073,227,43,0.5985
7074,227,43,0.3138
7075,227,43,0.9684
7076,227,43,0.7898
7077,227,43,0.9894
7078,227,43,0.9321
7079,227,43,0.9672
7954,229,23,0.9356
7955,229,23,0.7809
7956,229,23,0.9775
8441,230,23,0.8820
8442,230,23,0.9867
8443,230,23,0.2190
8594,231,132,0.9475
8595,231,132,0.4969
8596,231,132,0.9180
8597,231,132,0.9468
8598,231,132,0.9463
8599,231,132,0.9848
8600,231,132,0.9604
8601,231,132,0.9876
8602,231,132,0.9837
8603,231,132,0.9868
7080,227,17,0.8874
7081,227,17,0.8302
7082,227,17,0.9482
7083,227,17,0.9738
7084,227,17,0.0803
7085,227,17,0.6478
7086,227,17,0.6093
7087,227,17,0.9746
7088,227,17,0.9978
7089,227,17,0.9992
7957,229,23,0.7620
7958,229,23,0.8414
8444,230,23,0.9670
8445,230,23,0.9439
8446,230,23,0.9447
8447,230,23,0.9894
8448,230,23,0.9904
8449,230,23,0.9486
8450,230,23,0.9903
8451,230,23,0.4548
8452,230,23,0.6246
8604,231,23,0.9465
8605,231,23,0.8674
8606,231,23,0.1270
8607,231,23,0.9672
8608,231,23,0.9981
8609,231,23,0.9858
8610,231,23,0.9565
8611,231,23,0.9963
8612,231,23,0.9990
8613,231,23,0.9955
7090,227,17,0.9098
7091,227,17,0.5512
7092,227,17,0.1945
7093,227,17,0.0215
7959,229,23,0.9466
7960,229,23,0.9903
7961,229,23,0.6845
7962,229,23,0.9832
7963,229,23,0.9922
7964,229,23,0.9871
7965,229,23,0.9773
7966,229,23,0.9956
7967,229,23,0.1050
7968,229,23,0.9748
8453,230,107,0.9857
8454,230,107,0.9809
8455,230,107,0.9747
8456,230,107,0.9864
8457,230,107,0.9707
8458,230,107,0.9958
8459,230,107,0.9268
8460,230,107,0.9910
8461,230,107,0.9754
8614,231,23,0.9029
8615,231,23,0.9027
8616,231,23,0.4794
8617,231,23,0.9798
8618,231,23,0.6136
8619,231,23,0.8434
8620,231,23,0.9199
8621,231,23,0.8782
8622,231,23,0.3610
8623,231,23,0.5182
7094,227,17,0.6701
7095,227,17,0.6919
7969,229,23,0.9915
7970,229,23,0.6083
7971,229,23,0.9895
7972,229,23,0.4692
7973,229,23,0.8884
7974,229,23,0.9299
7975,229,23,0.0105
8462,230,43,0.8970
8463,230,43,0.9920
8464,230,43,0.1626
8465,230,43,0.1730
8624,231,23,0.3698
8625,231,23,0.5245
8626,231,23,0.8989
8627,231,23,0.9387
8628,231,23,0.5474
8629,231,23,0.9567
8630,231,23,0.9612
8631,231,23,0.8154
8632,231,23,0.1237
8633,231,23,0.9925
7096,227,17,0.5290
7097,227,17,0.4121
7098,227,17,0.9496
7099,227,17,0.5599
7100,227,17,0.9113
7101,227,17,0.0682
7102,227,17,0.3708
7103,227,17,0.7837
7104,227,17,0.8060
7105,227,17,0.1007
7976,229,23,0.9595
7977,229,23,0.3916
7978,229,23,0.4750
8466,230,43,0.9685
8467,230,43,0.9924
8468,230,43,0.4623
8469,230,43,0.8642
8634,231,23,0.8917
8635,231,23,0.7764
8636,231,23,0.8554
8637,231,23,0.9703
8638,231,23,0.9227
8639,231,23,0.8913
8640,231,23,0.7748
8641,231,23,0.8621
8642,231,23,0.8682
8643,231,23,0.9299
7106,227,17,0.6344
7107,227,17,0.4235
7979,229,23,0.8293
7980,229,23,0.8778
8470,230,43,0.2533
8644,231,23,0.7861
8645,231,23,0.9743
8646,231,23,0.7358
8647,231,23,0.9033
8648,231,23,0.9697
8649,231,23,0.5976
8650,231,23,0.9690
8651,231,23,0.9760
8652,231,23,0.9928
8653,231,23,0.9852
7108,227,17,0.5866
7109,227,17,0.5509
7981,229,23,0.9169
7982,229,23,0.9948
7983,229,23,0.3534
8471,230,43,0.9178
8472,230,43,0.9018
8473,230,43,0.2963
8474,230,43,0.9514
8475,230,43,0.9630
8476,230,43,0.2745
8477,230,43,0.2082
8654,231,23,0.6326
8655,231,23,0.9733
8656,231,23,0.9828
8657,231,23,0.7672
8658,231,23,0.7860
8659,231,23,0.6676
8660,231,23,0.9496
8661,231,23,0.5915
8662,231,23,0.9122
8663,231,23,0.9918
7110,227,43,0.0412
7984,229,23,0.9539
7985,229,23,0.6255
8478,230,43,0.9909
8479,230,43,0.9946
8480,230,43,0.4846
8481,230,43,0.9866
8482,230,43,0.5798
8483,230,43,0.9354
8484,230,43,0.9617
8485,230,43,0.8774
8664,231,23,0.7289
8665,231,23,0.9245
8666,231,23,0.4004
8667,231,23,0.4443
8668,231,23,0.9734
8669,231,23,0.7924
8670,231,23,0.6538
8671,231,23,0.7909
8672,231,23,0.4386
8673,231,23,0.4197
7111,227,17,0.7129
7112,227,17,0.4046
7986,229,23,0.1941
7987,229,23,0.8824
7988,229,23,0.9702
7989,229,23,0.8483
7990,229,23,0.9162
7991,229,23,0.9818
7992,229,23,0.7458
7993,229,23,0.7703
7994,229,23,0.9659
7995,229,23,0.9585
8486,230,43,0.9609
8487,230,43,0.9212
8488,230,43,0.3109
8489,230,43,0.9279
8490,230,43,0.9871
8491,230,43,0.9890
8492,230,43,0.8593
8493,230,43,0.9471
8494,230,43,0.0701
8495,230,43,0.5390
8674,231,23,0.8130
8675,231,23,0.9776
8676,231,23,0.2609
8677,231,23,0.9210
8678,231,23,0.6710
8679,231,23,0.9932
8680,231,23,0.9993
8681,231,23,0.9991
8682,231,23,0.9994
8683,231,23,0.9992
7113,227,17,0.8867
7114,227,17,0.9833
7115,227,17,0.9914
7116,227,17,0.2408
7117,227,17,0.0233
7996,229,23,0.7497
8496,230,17,0.8296
8497,230,17,0.8242
8498,230,17,0.7464
8684,231,23,0.6526
8685,231,23,0.6002
8686,231,23,0.4475
8687,231,23,0.9729
8688,231,23,0.9245
8689,231,23,0.6777
8690,231,23,0.9661
8691,231,23,0.2043
8692,231,23,0.8723
8693,231,23,0.6990
7118,227,17,0.8188
7119,227,17,0.5234
7997,229,23,0.9125
7998,229,23,0.9825
7999,229,23,0.7573
8000,229,23,0.9495
8001,229,23,0.6334
8002,229,23,0.3689
8003,229,23,0.5376
8499,230,17,0.5573
8500,230,17,0.6414
8501,230,17,0.8640
8694,231,107,0.8957
8695,231,107,0.4045
8696,231,107,0.8634
8697,231,107,0.8253
8698,231,107,0.9893
8699,231,107,0.9874
8700,231,107,0.9864
8701,231,107,0.4289
8702,231,107,0.9899
8703,231,107,0.1186
7120,227,17,0.8844
7121,227,17,0.7283
7122,227,17,0.6654
7123,227,17,0.9146
7124,227,17,0.9623
7125,227,17,0.5692
7126,227,17,0.3469
7127,227,17,0.9455
7128,227,17,0.8678
7129,227,17,0.9608
8004,229,23,0.7913
8005,229,23,0.5020
8006,229,23,0.9614
8007,229,23,0.9787
8008,229,23,0.9813
8009,229,23,0.9862
8010,229,23,0.7792
8011,229,23,0.1820
8012,229,23,0.9399
8013,229,23,0.5167
8502,230,17,0.4154
8503,230,17,0.9820
8504,230,17,0.9695
8505,230,17,0.7948
8506,230,17,0.9396
8507,230,17,0.1401
8704,231,107,0.7017
8705,231,107,0.8381
8706,231,107,0.9768
8707,231,107,0.9622
8708,231,107,0.9089
8709,231,107,0.8968
8710,231,107,0.6690
8711,231,107,0.9617
8712,231,107,0.9780
8713,231,107,0.7593
7130,227,17,0.1221
7131,227,17,0.7708
8014,229,23,0.0505
8015,229,23,0.0439
8016,229,23,0.4488
8508,230,17,0.8247
8509,230,17,0.5932
8510,230,17,0.7442
8511,230,17,0.4633
8512,230,17,0.3915
8513,230,17,0.1974
8714,231,43,0.5511
8715,231,43,0.8268
8716,231,43,0.3062
8717,231,43,0.2156
8718,231,43,0.4390
8719,231,43,0.9454
8720,231,43,0.9522
8721,231,43,0.9919
8722,231,43,0.9587
8723,231,43,0.9788
7132,227,17,0.8333
7133,227,17,0.8992
7134,227,17,0.9080
7135,227,17,0.9545
7136,227,17,0.9441
7137,227,17,0.5021
7138,227,17,0.5666
7139,227,17,0.8872
7140,227,17,0.9451
7141,227,17,0.9802
8017,229,23,0.9486
8018,229,23,0.8177
8019,229,23,0.5938
8020,229,23,0.9441
8021,229,23,0.9829
8022,229,23,0.9921
8023,229,23,0.9979
8024,229,23,0.9988
8025,229,23,0.9986
8026,229,23,0.9974
8514,230,17,0.9182
8515,230,17,0.9732
8516,230,17,0.6275
8724,231,43,0.9470
8725,231,43,0.9802
8726,231,43,0.9824
8727,231,43,0.9727
8728,231,43,0.6346
8729,231,43,0.9866
8730,231,43,0.8321
8731,231,43,0.4882
8732,231,43,0.9782
8733,231,43,0.9518
7142,227,17,0.9750
7143,227,17,0.6909
7144,227,17,0.1177
8027,229,23,0.7888
8028,229,23,0.8255
8029,229,23,0.8451
8030,229,23,0.6640
8031,229,23,0.9199
8032,229,23,0.9789
8033,229,23,0.9436
8034,229,23,0.6580
8035,229,23,0.0538
8036,229,23,0.0504
8517,230,17,0.9706
8518,230,17,0.9608
8519,230,17,0.5219
8520,230,17,0.8537
8521,230,17,0.2186
8734,231,43,0.3217
8735,231,43,0.6703
8736,231,43,0.9824
8737,231,43,0.3639
8738,231,43,0.0307
8739,231,43,0.8445
8740,231,43,0.9871
8741,231,43,0.9951
8742,231,43,0.9737
8743,231,43,0.9851
7145,227,17,0.9764
7146,227,17,0.2182
7147,227,17,0.9432
7148,227,17,0.9101
7149,227,17,0.3552
7150,227,17,0.7187
7151,227,17,0.7390
7152,227,17,0.3132
7153,227,17,0.6004
7154,227,17,0.7776
8037,229,23,0.8076
8038,229,23,0.3542
8039,229,23,0.8735
8040,229,23,0.1335
8041,229,23,0.3115
8042,229,23,0.9354
8043,229,23,0.9753
8044,229,23,0.9857
8045,229,23,0.9972
8046,229,23,0.9945
8522,230,17,0.6958
8523,230,17,0.8747
8744,231,43,0.9631
8745,231,43,0.8357
8746,231,43,0.4469
8747,231,43,0.9047
8748,231,43,0.8720
8749,231,43,0.1612
8750,231,43,0.9723
8751,231,43,0.9975
8752,231,43,0.9981
8753,231,43,0.9990
7155,227,17,0.7281
7156,227,17,0.0822
7157,227,17,0.6342
7158,227,17,0.5224
7159,227,17,0.2250
7160,227,17,0.5802
7161,227,17,0.2147
7162,227,17,0.4627
7163,227,17,0.6508
7164,227,17,0.2613
8047,229,23,0.6162
8048,229,23,0.2462
8049,229,23,0.8320
8050,229,23,0.9824
8051,229,23,0.9966
8052,229,23,0.0141
8053,229,23,0.9171
8054,229,23,0.4545
8055,229,23,0.6420
8056,229,23,0.9836
8524,230,17,0.7848
8525,230,17,0.8581
8526,230,17,0.6362
8527,230,17,0.9874
8528,230,17,0.6536
8529,230,17,0.1959
8754,231,43,0.4301
8755,231,43,0.9696
8756,231,43,0.9745
8757,231,43,0.9554
8758,231,43,0.1128
8759,231,43,0.8663
8760,231,43,0.6694
8761,231,43,0.9262
8762,231,43,0.7842
8763,231,43,0.9711
7165,227,17,0.7309
7166,227,17,0.0357
7167,227,17,0.8443
7168,227,17,0.8242
7169,227,17,0.7027
7170,227,17,0.3201
7171,227,17,0.7408
7172,227,17,0.3095
7173,227,17,0.1724
7174,227,17,0.4663
8057,229,107,0.7460
8058,229,107,0.3061
8059,229,107,0.2000
8060,229,107,0.4831
8061,229,107,0.8616
8062,229,107,0.9945
8063,229,107,0.9695
8064,229,107,0.9925
8065,229,107,0.9751
8066,229,107,0.9955
8530,230,17,0.2566
8531,230,17,0.9311
8764,231,17,0.8014
8765,231,17,0.8340
8766,231,17,0.3994
8767,231,17,0.9728
8768,231,17,0.9978
8769,231,17,0.9977
8770,231,17,0.9980
8771,231,17,0.9976
8772,231,17,0.9992
8773,231,17,0.9993
7175,227,17,0.9339
7176,227,17,0.3434
7177,227,17,0.9102
7178,227,17,0.9805
7179,227,17,0.5946
7180,227,17,0.8137
7181,227,17,0.0395
7182,227,17,0.5031
7183,227,17,0.5558
7184,227,17,0.2899
8067,229,107,0.9395
8068,229,107,0.7272
8069,229,107,0.9057
8070,229,107,0.7351
8071,229,107,0.9842
8072,229,107,0.9853
8073,229,107,0.9944
8074,229,107,0.9972
8075,229,107,0.9963
8076,229,107,0.9978
8532,230,17,0.4699
8533,230,17,0.4062
8774,231,17,0.8874
8775,231,17,0.5171
8776,231,17,0.9610
8777,231,17,0.6947
8778,231,17,0.8576
8779,231,17,0.9462
8780,231,17,0.9965
8781,231,17,0.9982
8782,231,17,0.9977
8783,231,17,0.9987
7185,227,17,0.2244
7186,227,17,0.5804
7187,227,17,0.9187
7188,227,17,0.0320
7189,227,17,0.4641
7190,227,17,0.3121
7191,227,17,0.0522
7192,227,17,0.4644
7193,227,17,0.4884
7194,227,17,0.3142
8077,229,107,0.1155
8078,229,107,0.8929
8079,229,107,0.3741
8080,229,107,0.8589
8081,229,107,0.9853
8082,229,107,0.9959
8083,229,107,0.9982
8084,229,107,0.9872
8085,229,107,0.9975
8086,229,107,0.9993
8534,230,17,0.7284
8535,230,17,0.9569
8536,230,17,0.4915
8537,230,17,0.3438
8538,230,17,0.1434
8784,231,17,0.1049
8785,231,17,0.5005
8786,231,17,0.8186
8787,231,17,0.2842
8788,231,17,0.7038
8789,231,17,0.9974
8790,231,17,0.9985
8791,231,17,0.9957
8792,231,17,0.9936
8793,231,17,0.9771
7195,227,17,0.8038
7196,227,17,0.8187
7197,227,17,0.9302
7198,227,17,0.9811
7199,227,17,0.9736
7200,227,17,0.9349
7201,227,17,0.0213
7202,227,17,0.4281
7203,227,17,0.2249
7204,227,17,0.7865
8087,229,107,0.9014
8088,229,107,0.7531
8089,229,107,0.9854
8090,229,107,0.9938
8091,229,107,0.9828
8092,229,107,0.9849
8093,229,107,0.9773
8094,229,107,0.9842
8095,229,107,0.8659
8096,229,107,0.0654
8539,230,17,0.8275
8540,230,17,0.8155
8794,231,17,0.7776
8795,231,17,0.9805
8796,231,17,0.7543
8797,231,17,0.9763
8798,231,17,0.4306
8799,231,17,0.2470
8800,231,17,0.8873
8801,231,17,0.9968
8802,231,17,0.9971
8803,231,17,0.9994
7205,227,17,0.6915
7206,227,17,0.8677
7207,227,17,0.0329
7208,227,17,0.2567
7209,227,17,0.3622
7210,227,17,0.2965
7211,227,17,0.5273
7212,227,17,0.7322
7213,227,17,0.9721
7214,227,17,0.0429
8097,229,107,0.8525
8098,229,107,0.8952
8099,229,107,0.6911
8100,229,107,0.0069
8101,229,107,0.7366
8102,229,107,0.9676
8103,229,107,0.9810
8104,229,107,0.9763
8105,229,107,0.9764
8106,229,107,0.9864
8541,230,17,0.7578
8542,230,17,0.1976
8543,230,17,0.3912
8544,230,17,0.4122
8804,231,17,0.8383
8805,231,17,0.9929
8806,231,17,0.9246
8807,231,17,0.9474
8808,231,17,0.7177
8809,231,17,0.9313
8810,231,17,0.8077
8811,231,17,0.9477
8812,231,17,0.2214
8813,231,17,0.8279
7215,227,17,0.9450
7216,227,17,0.9807
7217,227,17,0.9829
7218,227,17,0.1940
7219,227,17,0.5400
7220,227,17,0.1953
8107,229,107,0.9044
8108,229,107,0.9662
8109,229,107,0.9694
8110,229,107,0.2734
8111,229,107,0.6757
8112,229,107,0.6056
8113,229,107,0.5307
8114,229,107,0.4505
8115,229,107,0.9714
8116,229,107,0.9977
8545,230,17,0.7774
8546,230,17,0.9681
8547,230,17,0.7216
8548,230,17,0.4875
8549,230,17,0.5627
8550,230,17,0.9787
8551,230,17,0.0472
8552,230,17,0.9267
8553,230,17,0.9501
8554,230,17,0.1142
8814,231,17,0.6281
8815,231,17,0.7323
8816,231,17,0.8914
8817,231,17,0.9440
8818,231,17,0.8640
8819,231,17,0.4243
8820,231,17,0.8738
8821,231,17,0.9951
8822,231,17,0.9991
8823,231,17,0.9992
7221,227,17,0.9250
7222,227,17,0.9648
7223,227,17,0.9776
7224,227,17,0.9907
7225,227,17,0.9249
7226,227,17,0.3273
7227,227,17,0.9096
7228,227,17,0.8434
8117,229,107,0.8774
8118,229,107,0.9606
8119,229,107,0.9843
8120,229,107,0.9774
8121,229,107,0.5062
8122,229,107,0.7468
8123,229,107,0.2061
8124,229,107,0.1215
8125,229,107,0.4474
8126,229,107,0.6541
8555,230,17,0.9227
8556,230,17,0.9668
8557,230,17,0.3857
8558,230,17,0.9769
8559,230,17,0.5794
8560,230,17,0.9475
8561,230,17,0.7764
8562,230,17,0.4164
8563,230,17,0.5601
8564,230,17,0.2245
8824,231,17,0.7917
8825,231,17,0.8572
8826,231,17,0.9768
8827,231,17,0.9599
8828,231,17,0.9848
8829,231,17,0.9845
8830,231,17,0.2710
8831,231,17,0.8815
8832,231,17,0.0605
8833,231,17,0.4035
7229,227,17,0.9482
7230,227,17,0.6974
7231,227,17,0.8431
7232,227,17,0.6108
7233,227,17,0.4251
8127,229,107,0.3087
8128,229,107,0.9548
8129,229,107,0.1705
8130,229,107,0.9658
8131,229,107,0.9880
8132,229,107,0.9958
8133,229,107,0.9963
8134,229,107,0.9976
8135,229,107,0.9983
8136,229,107,0.9985
8565,230,93,0.6357
8566,230,93,0.9643
8567,230,93,0.4110
8568,230,93,0.9531
8569,230,93,0.9917
8570,230,93,0.8801
8571,230,93,0.0472
8572,230,93,0.9957
8573,230,93,0.7140
8834,231,17,0.5475
8835,231,17,0.9603
8836,231,17,0.9404
8837,231,17,0.0203
8838,231,17,0.4454
8839,231,17,0.1312
8840,231,17,0.2695
8841,231,17,0.7191
8842,231,17,0.9950
8843,231,17,0.9795
7234,227,17,0.2159
7235,227,17,0.6066
8137,229,107,0.8296
8138,229,107,0.9717
8139,229,107,0.9668
8140,229,107,0.9889
8141,229,107,0.9558
8142,229,107,0.9938
8143,229,107,0.9773
8144,229,107,0.9867
8145,229,107,0.9357
8844,231,17,0.2537
8845,231,17,0.8913
8846,231,17,0.9529
8847,231,17,0.6275
8848,231,17,0.9541
8849,231,17,0.9803
8850,231,17,0.9804
8851,231,17,0.8928
8852,231,17,0.9908
8853,231,17,0.7217
8884,232,132,0.1834
8885,232,132,0.1263
8886,232,132,0.8130
8887,232,132,0.6105
7236,227,17,0.6100
7237,227,17,0.7410
7238,227,17,0.5872
7239,227,17,0.3122
7240,227,17,0.7264
7241,227,17,0.8313
7242,227,17,0.9559
7243,227,17,0.8063
7244,227,17,0.1217
8146,229,43,0.8925
8147,229,43,0.8463
8148,229,43,0.8349
8149,229,43,0.9886
8150,229,43,0.6962
8151,229,43,0.1709
8152,229,43,0.8357
8153,229,43,0.2863
8154,229,43,0.9951
8155,229,43,0.9934
8854,231,17,0.8224
8855,231,17,0.8732
8856,231,17,0.8115
8857,231,17,0.0902
8858,231,17,0.0688
8859,231,17,0.7607
8860,231,17,0.9714
8861,231,17,0.9532
8862,231,17,0.9284
8863,231,17,0.9933
8888,232,132,0.7988
8889,232,132,0.6947
8890,232,132,0.5907
8891,232,132,0.5341
8892,232,132,0.4919
8893,232,132,0.9905
8894,232,132,0.9120
8895,232,132,0.9862
8896,232,132,0.9934
8897,232,132,0.9747
7245,227,17,0.1392
7246,227,17,0.9003
8156,229,43,0.2943
8157,229,43,0.4870
8158,229,43,0.9651
8159,229,43,0.9471
8160,229,43,0.9827
8161,229,43,0.9992
8162,229,43,0.9962
8163,229,43,0.9955
8164,229,43,0.9966
8165,229,43,0.9987
8864,231,93,0.4128
8865,231,93,0.9837
8866,231,93,0.4870
8867,231,93,0.8589
8868,231,93,0.7865
8869,231,93,0.9797
8870,231,93,0.9946
8871,231,93,0.9852
8872,231,93,0.9772
8873,231,93,0.9929
8898,232,23,0.7810
8899,232,23,0.9348
8900,232,23,0.9741
8901,232,23,0.8710
8902,232,23,0.7511
8903,232,23,0.9727
8904,232,23,0.9835
8905,232,23,0.7505
8906,232,23,0.3731
8907,232,23,0.9541
7247,227,17,0.9196
7248,227,17,0.7763
7249,227,17,0.9442
7250,227,17,0.8969
7251,227,17,0.4675
7252,227,17,0.4771
7253,227,17,0.6109
7254,227,17,0.9743
7255,227,17,0.3539
8166,229,43,0.9307
8167,229,43,0.9672
8168,229,43,0.8039
8169,229,43,0.3043
8170,229,43,0.9728
8171,229,43,0.9814
8172,229,43,0.0726
8173,229,43,0.9476
8174,229,43,0.9921
8874,231,17,0.0994
8875,231,17,0.4328
8876,231,17,0.9879
8877,231,17,0.9973
8878,231,17,0.9108
8879,231,17,0.9949
8880,231,17,0.9704
8881,231,17,0.9872
8882,231,17,0.9888
8883,231,17,0.9981
8908,232,107,0.9812
8909,232,107,0.5552
8910,232,107,0.9765
8911,232,107,0.9886
8912,232,107,0.9773
8913,232,107,0.9943
8914,232,107,0.9941
8915,232,107,0.9277
8916,232,107,0.0066
8917,232,107,0.9935
7256,227,17,0.8836
7257,227,17,0.9578
7258,227,17,0.4678
8175,229,17,0.4185
8176,229,17,0.6591
8177,229,17,0.1955
8178,229,17,0.9155
8179,229,17,0.9625
8180,229,17,0.9838
8181,229,17,0.9883
8182,229,17,0.9947
8183,229,17,0.9980
8184,229,17,0.9989
8918,232,43,0.8974
8919,232,43,0.7024
8920,232,43,0.9590
8921,232,43,0.4111
8922,232,43,0.7545
8923,232,43,0.9746
8924,232,43,0.9932
8925,232,43,0.9877
8926,232,43,0.9856
8927,232,43,0.9907
8967,233,132,0.6712
8968,233,132,0.1330
8969,233,132,0.9480
8970,233,132,0.9768
8971,233,132,0.9871
8972,233,132,0.9353
8973,233,132,0.8077
8974,233,132,0.9686
8975,233,132,0.9838
8976,233,132,0.9940
7259,227,17,0.7758
7260,227,17,0.0435
7261,227,17,0.6879
8185,229,17,0.6679
8186,229,17,0.4198
8187,229,17,0.9236
8188,229,17,0.9888
8189,229,17,0.9963
8190,229,17,0.9954
8191,229,17,0.9978
8192,229,17,0.9990
8193,229,17,0.9992
8194,229,17,0.9994
8928,232,43,0.9869
8929,232,43,0.9854
8930,232,43,0.9064
8931,232,43,0.9913
8932,232,43,0.9809
8933,232,43,0.9727
8934,232,43,0.9904
8935,232,43,0.9733
8936,232,43,0.8831
8977,233,132,0.4827
8978,233,132,0.0392
8979,233,132,0.3848
7262,227,17,0.5114
7263,227,17,0.4051
8195,229,17,0.6323
8196,229,17,0.5851
8197,229,17,0.4580
8198,229,17,0.8738
8199,229,17,0.8907
8200,229,17,0.3647
8201,229,17,0.9052
8202,229,17,0.9819
8203,229,17,0.9948
8204,229,17,0.9988
8937,232,17,0.6269
8938,232,17,0.6447
8939,232,17,0.2691
8940,232,17,0.9315
8941,232,17,0.7326
8942,232,17,0.9391
8943,232,17,0.9725
8944,232,17,0.9881
8945,232,17,0.3262
8946,232,17,0.9268
8980,233,132,0.7526
8981,233,132,0.9845
8982,233,132,0.9766
8983,233,132,0.9418
8984,233,132,0.8765
7264,227,17,0.7546
7265,227,17,0.9119
7266,227,17,0.4082
8205,229,17,0.8868
8206,229,17,0.9885
8207,229,17,0.4723
8208,229,17,0.8663
8209,229,17,0.9945
8210,229,17,0.6952
8211,229,17,0.6198
8212,229,17,0.8220
8213,229,17,0.7900
8214,229,17,0.9767
8947,232,17,0.9743
8948,232,17,0.9865
8949,232,17,0.2020
8950,232,17,0.8656
8951,232,17,0.9289
8952,232,17,0.8202
8953,232,17,0.9674
8954,232,17,0.9702
8955,232,17,0.3725
8956,232,17,0.9750
8985,233,132,0.8673
8986,233,132,0.9707
8987,233,132,0.4881
8988,233,132,0.8619
7267,227,17,0.7286
7268,227,17,0.6043
8215,229,17,0.5095
8216,229,17,0.1479
8217,229,17,0.7658
8218,229,17,0.9087
8219,229,17,0.9541
8220,229,17,0.5876
8957,232,93,0.8744
8958,232,93,0.9729
8959,232,93,0.5892
8960,232,93,0.7922
8961,232,93,0.7963
8962,232,93,0.4939
8963,232,93,0.9938
8964,232,93,0.1031
8965,232,93,0.8461
8966,232,93,0.9899
8989,233,132,0.9804
8990,233,132,0.5543
8991,233,132,0.0315
8992,233,132,0.0431
7269,227,17,0.4168
7270,227,17,0.4886
8221,229,17,0.7167
8222,229,17,0.8432
8223,229,17,0.9777
8224,229,17,0.4832
8225,229,17,0.8332
8226,229,17,0.6211
8227,229,17,0.9907
8228,229,17,0.9980
8229,229,17,0.9987
8230,229,17,0.9989
8993,233,132,0.0437
8994,233,132,0.4518
9239,234,132,0.9052
9240,234,132,0.8517
9241,234,132,0.0371
9242,234,132,0.7250
9243,234,132,0.9690
9244,234,132,0.8348
9245,234,132,0.8941
9246,234,132,0.8479
9247,234,132,0.3511
9248,234,132,0.9843
7271,227,17,0.2156
7272,227,17,0.8007
8231,229,17,0.7621
8232,229,17,0.1744
8233,229,17,0.5761
8234,229,17,0.9793
8235,229,17,0.9363
8236,229,17,0.9905
8237,229,17,0.9954
8238,229,17,0.9938
8239,229,17,0.9982
8240,229,17,0.9900
8995,233,132,0.8476
8996,233,132,0.7709
9249,234,132,0.9274
9250,234,132,0.4363
9251,234,132,0.9918
9252,234,132,0.9413
9253,234,132,0.9918
9254,234,132,0.9875
9255,234,132,0.9918
9256,234,132,0.9957
9257,234,132,0.0623
9258,234,132,0.9616
7273,227,17,0.8782
7274,227,17,0.9350
7275,227,17,0.9438
7276,227,17,0.9886
7277,227,17,0.9913
7278,227,17,0.8928
7279,227,17,0.7809
8241,229,17,0.4355
8242,229,17,0.8965
8243,229,17,0.4425
8244,229,17,0.9507
8245,229,17,0.9834
8246,229,17,0.8681
8247,229,17,0.8292
8248,229,17,0.0720
8249,229,17,0.4367
8250,229,17,0.9063
8997,233,132,0.9531
8998,233,132,0.8679
8999,233,132,0.1388
9000,233,132,0.9509
9259,234,23,0.9682
9260,234,23,0.8135
7280,227,17,0.6738
7281,227,17,0.3269
7282,227,17,0.9783
7283,227,17,0.9233
7284,227,17,0.9866
7285,227,17,0.9956
7286,227,17,0.8850
7287,227,17,0.9702
7288,227,17,0.9906
7289,227,17,0.2497
8251,229,17,0.5480
8252,229,17,0.7122
9001,233,132,0.9594
9002,233,132,0.7104
9003,233,132,0.9291
9004,233,132,0.7828
9261,234,23,0.7038
9262,234,23,0.9001
9263,234,23,0.9527
9264,234,23,0.9325
9265,234,23,0.8414
7290,227,17,0.9004
7291,227,17,0.9013
7292,227,17,0.9755
8253,229,17,0.9470
8254,229,17,0.1067
8255,229,17,0.6686
8256,229,17,0.4480
8257,229,17,0.7717
8258,229,17,0.9850
8259,229,17,0.9877
8260,229,17,0.9952
8261,229,17,0.9973
8262,229,17,0.9984
9005,233,132,0.8580
9006,233,132,0.9184
9007,233,132,0.7032
9008,233,132,0.5718
9266,234,23,0.9685
9267,234,23,0.9730
9268,234,23,0.9764
9269,234,23,0.1588
9270,234,23,0.7707
9271,234,23,0.8501
9272,234,23,0.0872
9273,234,23,0.1673
9274,234,23,0.1361
7293,227,17,0.4408
7294,227,17,0.9106
8263,229,17,0.4304
8264,229,17,0.4445
8265,229,17,0.8509
8266,229,17,0.9922
8267,229,17,0.9958
8268,229,17,0.9989
8269,229,17,0.9972
8270,229,17,0.9980
8271,229,17,0.9978
8272,229,17,0.9974
9009,233,132,0.8728
9010,233,132,0.9899
9011,233,132,0.5995
9012,233,132,0.9765
9013,233,132,0.9801
9014,233,132,0.1142
9015,233,132,0.9307
9016,233,132,0.9862
9017,233,132,0.7502
9018,233,132,0.9704
9275,234,23,0.7901
9276,234,23,0.0849
9277,234,23,0.7123
9278,234,23,0.3794
7295,227,93,0.4617
8273,229,17,0.7018
8274,229,17,0.9387
8275,229,17,0.3099
8276,229,17,0.8119
8277,229,17,0.7515
8278,229,17,0.9579
8279,229,17,0.6321
8280,229,17,0.5638
8281,229,17,0.5476
8282,229,17,0.9122
9019,233,132,0.4651
9020,233,132,0.9477
9021,233,132,0.4730
9279,234,23,0.9379
9280,234,23,0.9408
9281,234,23,0.3015
9282,234,23,0.9028
9283,234,23,0.9054
7296,227,93,0.5812
7297,227,93,0.9780
7298,227,93,0.9844
7299,227,93,0.9688
7300,227,93,0.9956
7301,227,93,0.9994
7302,227,93,0.9994
7303,227,93,0.9978
7304,227,93,0.9976
7305,227,93,0.9992
8283,229,17,0.5392
8284,229,17,0.2746
8285,229,17,0.8373
9022,233,132,0.7267
9023,233,132,0.9564
9024,233,132,0.9866
9025,233,132,0.7731
9026,233,132,0.6297
9027,233,132,0.9833
9028,233,132,0.8967
9029,233,132,0.9848
9030,233,132,0.7240
9031,233,132,0.9349
9284,234,23,0.8117
9285,234,23,0.9778
9286,234,23,0.8435
9287,234,23,0.9874
9288,234,23,0.9552
9289,234,23,0.8382
9290,234,23,0.8997
7306,227,17,0.3152
7307,227,17,0.6700
8286,229,17,0.9703
8287,229,17,0.4840
8288,229,17,0.1805
8289,229,17,0.6218
8290,229,17,0.9645
8291,229,17,0.9874
8292,229,17,0.9703
8293,229,17,0.9978
8294,229,17,0.9989
8295,229,17,0.9993
9032,233,132,0.9776
9033,233,132,0.9631
9034,233,132,0.9563
9035,233,132,0.9836
9036,233,132,0.9884
9037,233,132,0.2877
9038,233,132,0.9069
9291,234,23,0.4145
9292,234,23,0.4363
7308,227,17,0.0221
7309,227,17,0.1257
7310,227,17,0.0472
8296,229,17,0.9629
8297,229,17,0.6293
8298,229,17,0.5250
9039,233,132,0.9561
9040,233,132,0.9551
9041,233,132,0.9092
9042,233,132,0.6452
9043,233,132,0.2654
9293,234,23,0.9031
9294,234,23,0.6271
7311,227,17,0.8973
7312,227,17,0.3183
7313,227,17,0.4915
7314,227,17,0.2006
7315,227,17,0.1497
7316,227,17,0.7224
7317,227,17,0.8781
7318,227,17,0.9622
7319,227,17,0.9090
7320,227,17,0.4307
8299,229,17,0.9277
8300,229,17,0.9059
8301,229,17,0.9903
8302,229,17,0.9836
8303,229,17,0.9798
8304,229,17,0.9671
8305,229,17,0.9732
8306,229,17,0.7816
8307,229,17,0.9458
8308,229,17,0.7699
9044,233,132,0.8848
9045,233,132,0.9644
9046,233,132,0.9821
9047,233,132,0.0398
9048,233,132,0.8437
9049,233,132,0.9755
9050,233,132,0.9867
9051,233,132,0.8334
9052,233,132,0.9748
9053,233,132,0.9721
9295,234,23,0.4362
9296,234,23,0.9756
9297,234,23,0.1560
9298,234,23,0.4077
9299,234,23,0.9634
9300,234,23,0.5899
9301,234,23,0.0786
7321,227,17,0.1187
7322,227,17,0.0952
7323,227,17,0.1278
7324,227,17,0.2030
7325,227,17,0.1584
7326,227,17,0.8040
7327,227,17,0.9226
7328,227,17,0.9095
7329,227,17,0.9882
7330,227,17,0.6227
8309,229,17,0.9231
8310,229,17,0.9493
8311,229,17,0.8171
8312,229,17,0.6755
8313,229,17,0.6833
8314,229,17,0.9064
8315,229,17,0.9612
8316,229,17,0.9919
8317,229,17,0.9983
8318,229,17,0.9980
9054,233,23,0.9756
9055,233,23,0.3972
9056,233,23,0.2134
9057,233,23,0.7415
9058,233,23,0.6407
9059,233,23,0.5676
9060,233,23,0.9684
9061,233,23,0.6412
9062,233,23,0.6757
9063,233,23,0.0563
9302,234,23,0.6161
9303,234,23,0.8167
9304,234,23,0.2792
9305,234,23,0.9166
9306,234,23,0.9743
9307,234,23,0.9843
9308,234,23,0.8954
9309,234,23,0.1313
9310,234,23,0.7213
7331,227,17,0.0385
7332,227,17,0.9235
7333,227,17,0.3911
7334,227,17,0.5372
7335,227,17,0.8264
7336,227,17,0.3583
7337,227,17,0.5340
7338,227,17,0.0537
7339,227,17,0.6865
7340,227,17,0.2776
8319,229,17,0.4655
8320,229,17,0.4220
8321,229,17,0.1483
8322,229,17,0.9779
8323,229,17,0.9798
8324,229,17,0.9917
8325,229,17,0.9905
8326,229,17,0.9904
8327,229,17,0.9967
8328,229,17,0.9961
9064,233,23,0.8566
9065,233,23,0.8629
9066,233,23,0.4972
9311,234,107,0.9464
9312,234,107,0.5741
9313,234,107,0.9894
9314,234,107,0.3262
9315,234,107,0.9914
9316,234,107,0.9862
9317,234,107,0.9917
9318,234,107,0.9967
9319,234,107,0.9849
7341,227,17,0.4123
7342,227,17,0.9800
7343,227,17,0.7748
7344,227,17,0.6755
7345,227,17,0.1023
7346,227,17,0.9851
7347,227,17,0.8893
7348,227,17,0.8477
7349,227,17,0.8854
7350,227,17,0.8160
8329,229,17,0.8390
8330,229,17,0.9181
8331,229,17,0.3884
9067,233,23,0.3195
9068,233,23,0.7618
9320,234,43,0.7161
9321,234,43,0.9414
9322,234,43,0.6566
9323,234,43,0.9537
9324,234,43,0.7356
9325,234,43,0.7852
9326,234,43,0.9427
9327,234,43,0.1070
7351,227,17,0.2235
7352,227,17,0.3809
7353,227,17,0.8467
7354,227,17,0.6386
7355,227,17,0.7537
7356,227,17,0.1983
7357,227,17,0.4843
7358,227,17,0.7192
7359,227,17,0.9419
7360,227,17,0.8951
8332,229,17,0.8843
8333,229,17,0.7690
8334,229,17,0.6322
8335,229,17,0.9877
8336,229,17,0.9841
8337,229,17,0.9941
8338,229,17,0.9970
8339,229,17,0.9992
8340,229,17,0.9989
8341,229,17,0.9946
9069,233,23,0.5465
9070,233,23,0.5842
9071,233,23,0.5376
9072,233,23,0.7484
9073,233,23,0.8154
9074,233,23,0.9732
9075,233,23,0.9931
9076,233,23,0.1030
9077,233,23,0.9908
9078,233,23,0.1293
9328,234,43,0.9129
9329,234,43,0.4978
7361,227,17,0.4552
7362,227,17,0.1377
7363,227,17,0.9474
7364,227,17,0.3790
7365,227,17,0.1663
7366,227,17,0.3895
7367,227,17,0.4933
7368,227,17,0.8923
7369,227,17,0.7284
7370,227,17,0.9861
8342,229,17,0.8070
8343,229,17,0.5351
8344,229,17,0.2519
8345,229,17,0.9824
8346,229,17,0.9962
8347,229,17,0.9957
8348,229,17,0.9984
8349,229,17,0.9982
8350,229,17,0.9940
8351,229,17,0.9948
9079,233,23,0.9709
9080,233,23,0.9209
9081,233,23,0.0643
9082,233,23,0.8661
9083,233,23,0.7449
9084,233,23,0.8606
9085,233,23,0.9749
9330,234,43,0.6459
9331,234,43,0.7922
9332,234,43,0.9365
9333,234,43,0.1642
9334,234,43,0.2781
9335,234,43,0.6283
7371,227,17,0.1750
7372,227,17,0.5573
7373,227,17,0.4997
7374,227,17,0.7713
7375,227,17,0.9161
7376,227,17,0.7441
7377,227,17,0.9801
7378,227,17,0.9420
7379,227,17,0.9010
7380,227,17,0.8837
8352,229,17,0.3777
8353,229,17,0.1175
8354,229,17,0.2843
8355,229,17,0.8574
8356,229,17,0.9637
8357,229,17,0.9919
8358,229,17,0.9961
8359,229,17,0.9903
8360,229,17,0.9906
8361,229,17,0.9902
9086,233,23,0.6266
9087,233,23,0.9720
9088,233,23,0.9586
9089,233,23,0.9710
9090,233,23,0.1690
9091,233,23,0.9760
9092,233,23,0.9867
9093,233,23,0.9500
9094,233,23,0.0997
9095,233,23,0.8079
9336,234,43,0.9787
9337,234,43,0.9925
9338,234,43,0.9840
9339,234,43,0.7650
9340,234,43,0.9161
9341,234,43,0.9618
9342,234,43,0.9507
9343,234,43,0.8058
9344,234,43,0.9697
9345,234,43,0.8292
7381,227,17,0.5409
7382,227,17,0.0459
7383,227,17,0.4582
7384,227,17,0.0176
7385,227,17,0.8176
7386,227,17,0.7351
7387,227,17,0.8490
7388,227,17,0.9024
7389,227,17,0.7711
7390,227,17,0.9059
8362,229,17,0.5153
8363,229,17,0.4829
8364,229,17,0.8556
8365,229,17,0.9336
8366,229,17,0.9737
8367,229,17,0.9440
8368,229,17,0.9772
8369,229,17,0.7955
8370,229,17,0.8645
8371,229,17,0.9492
9096,233,23,0.8549
9097,233,23,0.9651
9098,233,23,0.9279
9099,233,23,0.9665
9100,233,23,0.9913
9101,233,23,0.7372
9102,233,23,0.7613
9346,234,43,0.2548
9347,234,43,0.6127
9348,234,43,0.9751
9349,234,43,0.9146
9350,234,43,0.1581
7391,227,17,0.8539
7392,227,17,0.8762
7393,227,17,0.9740
7394,227,17,0.9503
7395,227,17,0.6217
7396,227,17,0.1983
7397,227,17,0.7416
7398,227,17,0.5581
7399,227,17,0.9199
7400,227,17,0.9507
8372,229,17,0.7689
8373,229,17,0.9586
8374,229,17,0.9482
8375,229,17,0.9758
8376,229,17,0.9851
8377,229,17,0.9922
8378,229,17,0.7352
8379,229,17,0.1555
8380,229,17,0.9097
8381,229,17,0.9823
9103,233,23,0.7388
9104,233,23,0.9839
9105,233,23,0.9511
9106,233,23,0.0116
9107,233,23,0.9511
9108,233,23,0.8091
9109,233,23,0.0836
9110,233,23,0.6751
9111,233,23,0.9621
9112,233,23,0.9780
9351,234,43,0.9435
9352,234,43,0.8513
9353,234,43,0.5406
9354,234,43,0.9824
9355,234,43,0.9902
9356,234,43,0.9904
9357,234,43,0.9769
9358,234,43,0.8834
9359,234,43,0.9275
9360,234,43,0.3371
7401,227,17,0.4254
7402,227,17,0.8190
7403,227,17,0.7367
7404,227,17,0.4655
7405,227,17,0.7275
7406,227,17,0.7181
7407,227,17,0.8864
7408,227,17,0.9489
7409,227,17,0.6623
7410,227,17,0.8621
8382,229,93,0.7253
8383,229,93,0.7816
8384,229,93,0.6797
8385,229,93,0.7023
8386,229,93,0.9506
8387,229,93,0.9949
8388,229,93,0.9987
8389,229,93,0.9986
8390,229,93,0.9989
8391,229,93,0.9992
9113,233,23,0.2465
9114,233,23,0.7412
9115,233,23,0.7905
9361,234,43,0.9461
9362,234,43,0.9632
9363,234,43,0.9911
9364,234,43,0.6973
9365,234,43,0.8842
9366,234,43,0.8565
9367,234,43,0.9331
9368,234,43,0.1303
9369,234,43,0.5655
9370,234,43,0.0318
7411,227,17,0.5710
7412,227,17,0.9426
7413,227,17,0.8868
7414,227,17,0.9819
7415,227,17,0.7245
7416,227,17,0.8819
7417,227,17,0.1645
7418,227,17,0.2315
7419,227,17,0.1911
7420,227,17,0.9556
8392,229,93,0.9156
8393,229,93,0.9404
8394,229,93,0.8872
8395,229,93,0.5071
8396,229,93,0.4343
8397,229,93,0.8686
8398,229,93,0.9846
8399,229,93,0.9970
8400,229,93,0.9993
8401,229,93,0.9992
9116,233,23,0.9599
9117,233,23,0.8645
9371,234,43,0.9758
9372,234,43,0.8916
9373,234,43,0.8924
9374,234,43,0.6499
9375,234,43,0.8033
9376,234,43,0.9405
9377,234,43,0.0282
9378,234,43,0.7670
7421,227,17,0.9033
7422,227,17,0.5303
7423,227,17,0.9664
7424,227,17,0.9858
7425,227,17,0.9426
7426,227,17,0.7949
7427,227,17,0.0285
7428,227,17,0.1409
7429,227,17,0.9660
7430,227,17,0.8728
8402,229,93,0.6048
8403,229,93,0.9856
8404,229,93,0.6910
8405,229,93,0.9792
8406,229,93,0.9775
8407,229,93,0.9736
8408,229,93,0.9968
8409,229,93,0.9947
8410,229,93,0.8241
8411,229,93,0.9888
9118,233,23,0.2074
9119,233,23,0.1269
9120,233,23,0.8413
9379,234,43,0.9239
9380,234,43,0.3362
9381,234,43,0.5143
9382,234,43,0.5417
9383,234,43,0.9526
9384,234,43,0.9948
9385,234,43,0.7052
9386,234,43,0.9609
7431,227,17,0.6781
7432,227,17,0.9619
7433,227,17,0.9555
7434,227,17,0.4386
7435,227,17,0.6664
7436,227,17,0.1208
7437,227,17,0.6431
7438,227,17,0.9199
7439,227,17,0.7760
7440,227,17,0.4762
9121,233,23,0.9049
9122,233,23,0.8036
9123,233,23,0.8794
9124,233,23,0.6480
9125,233,23,0.9394
9126,233,23,0.9931
9127,233,23,0.8988
9128,233,23,0.7072
9387,234,43,0.8378
9388,234,43,0.8190
9389,234,43,0.8985
9390,234,43,0.9543
9391,234,43,0.3116
9392,234,43,0.7648
9393,234,43,0.6879
9394,234,43,0.6439
9395,234,43,0.9526
9396,234,43,0.8057
9610,235,132,0.8986
9611,235,132,0.7506
9612,235,132,0.8385
9613,235,132,0.9615
9614,235,132,0.0939
9615,235,132,0.6744
9616,235,132,0.0566
9617,235,132,0.2594
9618,235,132,0.5875
9619,235,132,0.9447
7441,227,17,0.5042
7442,227,17,0.5704
9129,233,23,0.8803
9130,233,23,0.7633
9131,233,23,0.9106
9132,233,23,0.9414
9133,233,23,0.5099
9134,233,23,0.3121
9135,233,23,0.9767
9136,233,23,0.0047
9137,233,23,0.9233
9138,233,23,0.8704
9397,234,17,0.8602
9398,234,17,0.9737
9399,234,17,0.6181
9400,234,17,0.3148
9401,234,17,0.5420
9402,234,17,0.8608
9403,234,17,0.2403
9620,235,132,0.9393
9621,235,132,0.9658
9622,235,132,0.9973
9623,235,132,0.7514
7443,227,17,0.1476
7444,227,17,0.5221
7445,227,17,0.6885
7446,227,17,0.7141
7447,227,17,0.7459
7448,227,17,0.9537
7449,227,17,0.9580
7450,227,17,0.9059
7451,227,17,0.7587
7452,227,17,0.9322
9139,233,23,0.9232
9140,233,23,0.8383
9141,233,23,0.5415
9142,233,23,0.7691
9143,233,23,0.8796
9144,233,23,0.9668
9145,233,23,0.9646
9146,233,23,0.7569
9147,233,23,0.9517
9148,233,23,0.9797
9404,234,17,0.9438
9405,234,17,0.9309
9406,234,17,0.8942
9407,234,17,0.8128
9408,234,17,0.0975
9409,234,17,0.4872
9624,235,132,0.2299
9625,235,132,0.9155
7453,227,17,0.7977
7454,227,17,0.9620
7455,227,17,0.4551
7456,227,17,0.2252
7457,227,17,0.0591
7458,227,17,0.1587
7459,227,17,0.3519
7460,227,17,0.9001
7461,227,17,0.2421
7462,227,17,0.2171
9149,233,23,0.7692
9150,233,23,0.9493
9151,233,23,0.5892
9152,233,23,0.9404
9153,233,23,0.1304
9154,233,23,0.1027
9155,233,23,0.6879
9156,233,23,0.2092
9157,233,23,0.4422
9410,234,17,0.9439
9411,234,17,0.4070
9626,235,132,0.0334
9627,235,132,0.4780
7463,227,17,0.5472
7464,227,17,0.4464
7465,227,17,0.9232
7466,227,17,0.0331
7467,227,17,0.1265
7468,227,17,0.9614
7469,227,17,0.0619
7470,227,17,0.8881
7471,227,17,0.3829
7472,227,17,0.2257
9158,233,23,0.8898
9159,233,23,0.6539
9160,233,23,0.2120
9412,234,17,0.1918
9413,234,17,0.5864
9628,235,132,0.9277
9629,235,132,0.9720
9630,235,132,0.9389
9631,235,132,0.9781
9632,235,132,0.1592
9633,235,132,0.5712
9634,235,132,0.5480
9635,235,132,0.9607
9636,235,132,0.7648
9637,235,132,0.6110
7473,227,17,0.7504
7474,227,17,0.7934
7475,227,17,0.9586
7476,227,17,0.9873
7477,227,17,0.9097
7478,227,17,0.9006
7479,227,17,0.9555
7480,227,17,0.9509
7481,227,17,0.9375
7482,227,17,0.0273
9161,233,23,0.0580
9162,233,23,0.7871
9163,233,23,0.9672
9164,233,23,0.9692
9165,233,23,0.1407
9166,233,23,0.7229
9167,233,23,0.8059
9168,233,23,0.2159
9169,233,23,0.9893
9170,233,23,0.2323
9414,234,17,0.3867
9415,234,17,0.5134
9638,235,132,0.6956
9639,235,132,0.9324
9640,235,132,0.9726
9641,235,132,0.9850
9642,235,132,0.9500
9643,235,132,0.8424
9644,235,132,0.9824
9645,235,132,0.0541
9646,235,132,0.9383
9647,235,132,0.8972
7483,227,17,0.8634
7484,227,17,0.6031
7485,227,17,0.3327
7486,227,17,0.5156
7487,227,17,0.3260
7488,227,17,0.6910
7489,227,17,0.9164
7490,227,17,0.8318
7491,227,17,0.0382
7492,227,17,0.2297
9171,233,107,0.8977
9172,233,107,0.7685
9173,233,107,0.9078
9174,233,107,0.8642
9175,233,107,0.9939
9176,233,107,0.8970
9177,233,107,0.5764
9178,233,107,0.8256
9179,233,107,0.9815
9416,234,17,0.8067
9417,234,17,0.3510
9648,235,132,0.9930
9649,235,132,0.9224
9650,235,132,0.9019
9651,235,132,0.0157
9652,235,132,0.9705
7493,227,17,0.5949
7494,227,17,0.8970
7495,227,17,0.9688
7496,227,17,0.9478
7497,227,17,0.9643
7498,227,17,0.5823
7499,227,17,0.3162
7500,227,17,0.9906
7501,227,17,0.9856
7502,227,17,0.9698
9180,233,43,0.9712
9181,233,43,0.9714
9182,233,43,0.9329
9183,233,43,0.4132
9184,233,43,0.9185
9185,233,43,0.9786
9186,233,43,0.8833
9187,233,43,0.8088
9188,233,43,0.8768
9189,233,43,0.9061
9418,234,17,0.5883
9419,234,17,0.8450
9653,235,132,0.9851
9654,235,132,0.9379
9655,235,132,0.2176
7503,227,17,0.9671
7504,227,17,0.5855
7505,227,17,0.5899
7506,227,17,0.6456
7507,227,17,0.9222
7508,227,17,0.8281
7509,227,17,0.0209
7510,227,17,0.1033
7511,227,17,0.0567
7512,227,17,0.9020
9190,233,17,0.7145
9191,233,17,0.9820
9192,233,17,0.1700
9193,233,17,0.8928
9194,233,17,0.8692
9195,233,17,0.9855
9196,233,17,0.2017
9420,234,17,0.8092
9421,234,17,0.3954
9422,234,17,0.6357
9423,234,17,0.9275
9424,234,17,0.9924
9425,234,17,0.2206
9656,235,132,0.8691
9657,235,132,0.9919
9658,235,132,0.5740
9659,235,132,0.8578
7513,227,17,0.8015
7514,227,17,0.2608
7515,227,17,0.3266
7516,227,17,0.7075
7517,227,17,0.0669
7518,227,17,0.2888
7519,227,17,0.8697
7520,227,17,0.1368
7521,227,17,0.0867
7522,227,17,0.4254
9197,233,17,0.7449
9198,233,17,0.8349
9426,234,17,0.9624
9427,234,17,0.5429
9660,235,132,0.7052
9661,235,132,0.6542
7523,227,17,0.5962
7524,227,17,0.1062
7525,227,17,0.9753
7526,227,17,0.1325
7527,227,17,0.8145
7528,227,17,0.0747
7529,227,17,0.7981
7530,227,17,0.7862
7531,227,17,0.9633
7532,227,17,0.5025
9199,233,17,0.9530
9200,233,17,0.9858
9201,233,17,0.9466
9202,233,17,0.4460
9203,233,17,0.9740
9204,233,17,0.9950
9205,233,17,0.3087
9206,233,17,0.7226
9207,233,17,0.7302
9208,233,17,0.2631
9428,234,17,0.9245
9429,234,17,0.2589
9430,234,17,0.9881
9431,234,17,0.6615
9432,234,17,0.1257
9662,235,132,0.8554
9663,235,132,0.9937
9664,235,132,0.9821
9665,235,132,0.9806
9666,235,132,0.5766
9667,235,132,0.9406
9668,235,132,0.9949
9669,235,132,0.9856
9670,235,132,0.9883
9671,235,132,0.9905
7533,227,17,0.8639
7534,227,17,0.9054
7535,227,17,0.0538
7536,227,17,0.3271
7537,227,17,0.6286
7538,227,17,0.1679
7539,227,17,0.1649
7540,227,17,0.7433
7541,227,17,0.8510
7542,227,17,0.6095
9209,233,17,0.1103
9210,233,17,0.5612
9433,234,17,0.8562
9434,234,17,0.9796
9435,234,17,0.2764
9436,234,17,0.9702
9437,234,17,0.2441
9438,234,17,0.9836
9439,234,17,0.9590
9440,234,17,0.9885
9441,234,17,0.0073
9672,235,23,0.9445
9673,235,23,0.9899
9674,235,23,0.7342
9675,235,23,0.1083
7543,227,17,0.4076
7544,227,17,0.4739
7545,227,17,0.0510
7546,227,17,0.0862
7547,227,17,0.4628
7548,227,17,0.3604
7549,227,17,0.9698
7550,227,17,0.8152
7551,227,17,0.9832
7552,227,17,0.9166
9211,233,17,0.8964
9212,233,17,0.7693
9213,233,17,0.5196
9214,233,17,0.7604
9215,233,17,0.9727
9216,233,17,0.7359
9217,233,17,0.8638
9218,233,17,0.9769
9219,233,17,0.9902
9442,234,17,0.9498
9443,234,17,0.6243
9444,234,17,0.9464
9445,234,17,0.9932
9446,234,17,0.9381
9447,234,17,0.1447
9448,234,17,0.7853
9449,234,17,0.2032
9676,235,23,0.8469
9677,235,23,0.9466
7553,227,17,0.8860
7554,227,17,0.9075
7555,227,17,0.9645
7556,227,17,0.9814
7557,227,17,0.5919
7558,227,17,0.9729
7559,227,17,0.9463
7560,227,17,0.7547
7561,227,17,0.5674
7562,227,17,0.8897
9220,233,93,0.8671
9221,233,93,0.9869
9222,233,93,0.9945
9223,233,93,0.9858
9224,233,93,0.9940
9225,233,93,0.9602
9226,233,93,0.9803
9227,233,93,0.9861
9228,233,93,0.9974
9450,234,17,0.8509
9451,234,17,0.9583
9452,234,17,0.2112
9453,234,17,0.9897
9454,234,17,0.7980
9455,234,17,0.9740
9456,234,17,0.9662
9457,234,17,0.3667
9458,234,17,0.4274
9459,234,17,0.8141
9678,235,23,0.9247
9679,235,23,0.8135
7563,227,93,0.6517
7564,227,93,0.4124
7565,227,93,0.3949
7566,227,93,0.4425
7567,227,93,0.4812
7568,227,93,0.3228
7569,227,93,0.1702
7570,227,93,0.7199
7571,227,93,0.8418
7572,227,93,0.1251
9229,233,132,0.7154
9230,233,132,0.9477
9231,233,132,0.7087
9232,233,132,0.6065
9233,233,132,0.7049
9234,233,132,0.9404
9235,233,132,0.9777
9236,233,132,0.9620
9237,233,132,0.6053
9238,233,132,0.9617
9460,234,17,0.3097
9461,234,17,0.2348
9462,234,17,0.8135
9463,234,17,0.3222
9680,235,23,0.6861
9681,235,23,0.9809
9682,235,23,0.4131
9683,235,23,0.2423
7573,227,93,0.2031
7574,227,93,0.5922
7575,227,93,0.7673
7576,227,93,0.3969
7577,227,93,0.5605
7578,227,93,0.0730
7579,227,93,0.4485
7580,227,93,0.3491
7581,227,93,0.4952
7582,227,93,0.7642
9464,234,17,0.9120
9465,234,17,0.7976
9466,234,17,0.5407
9467,234,17,0.5948
9468,234,17,0.8006
9469,234,17,0.4597
9470,234,17,0.1599
9471,234,17,0.1712
9472,234,17,0.7666
9473,234,17,0.9051
9684,235,23,0.8237
9685,235,23,0.6237
10585,236,132,0.6811
10586,236,132,0.9366
10587,236,132,0.9530
10588,236,132,0.9894
10589,236,132,0.9851
10590,236,132,0.9835
10591,236,132,0.9873
10592,236,132,0.9488
10593,236,132,0.9795
10594,236,132,0.9614
7583,227,93,0.3510
7584,227,93,0.1319
7585,227,93,0.0478
7586,227,93,0.7184
7587,227,93,0.5585
7588,227,93,0.9202
7589,227,93,0.8143
7590,227,93,0.6013
7591,227,93,0.8844
7592,227,93,0.0297
9474,234,17,0.8858
9475,234,17,0.4147
9476,234,17,0.9459
9477,234,17,0.4930
9478,234,17,0.0820
9686,235,23,0.9079
9687,235,23,0.8882
9688,235,23,0.9441
9689,235,23,0.9783
9690,235,23,0.9779
9691,235,23,0.0761
10595,236,23,0.6808
10596,236,23,0.9118
10597,236,23,0.5357
10598,236,23,0.9879
10599,236,23,0.3428
10600,236,23,0.0624
10601,236,23,0.9757
10602,236,23,0.9940
10603,236,23,0.9810
10604,236,23,0.6102
7593,227,93,0.3821
7594,227,93,0.2179
7595,227,93,0.4907
7596,227,93,0.7650
7597,227,93,0.8415
7598,227,93,0.9009
7599,227,93,0.9435
7600,227,93,0.6719
7601,227,93,0.0302
7602,227,93,0.8091
9479,234,17,0.6923
9480,234,17,0.9384
9481,234,17,0.9884
9482,234,17,0.9706
9483,234,17,0.9295
9484,234,17,0.5698
9485,234,17,0.9679
9486,234,17,0.4440
9692,235,23,0.0560
9693,235,23,0.9513
10605,236,23,0.7953
10606,236,23,0.8128
10607,236,23,0.4055
10608,236,23,0.9877
10609,236,23,0.9914
10610,236,23,0.1652
10611,236,23,0.9175
10612,236,23,0.9802
10613,236,23,0.9955
10614,236,23,0.8814
7603,227,93,0.2118
7604,227,93,0.1779
7605,227,93,0.1679
7606,227,93,0.2086
7607,227,93,0.7223
7608,227,93,0.1891
7609,227,93,0.1062
7610,227,93,0.2973
7611,227,93,0.3989
7612,227,93,0.1666
9487,234,17,0.2368
9488,234,17,0.6873
9694,235,23,0.8823
9695,235,23,0.2714
9696,235,23,0.8897
10615,236,23,0.8779
10616,236,23,0.8728
10617,236,23,0.9886
10618,236,23,0.7807
10619,236,23,0.9739
10620,236,23,0.3661
10621,236,23,0.9108
10622,236,23,0.9548
10623,236,23,0.5964
10624,236,23,0.9766
7613,227,93,0.6408
7614,227,93,0.3280
7615,227,93,0.7398
7616,227,93,0.7284
7617,227,93,0.0696
7618,227,93,0.2164
7619,227,93,0.4638
7620,227,93,0.7033
7621,227,93,0.1269
7622,227,93,0.5510
9489,234,17,0.7640
9490,234,17,0.9152
9491,234,17,0.8973
9492,234,17,0.9589
9493,234,17,0.8816
9494,234,17,0.3018
9495,234,17,0.9715
9496,234,17,0.9925
9497,234,17,0.0778
9697,235,23,0.5009
9698,235,23,0.7620
9699,235,23,0.8239
10625,236,23,0.5284
7623,227,93,0.4198
7624,227,93,0.9311
7625,227,93,0.2030
7626,227,93,0.9899
7627,227,93,0.3369
7628,227,93,0.9598
7629,227,93,0.1117
7630,227,93,0.4454
7631,227,93,0.9924
7632,227,93,0.4783
9498,234,17,0.8827
9499,234,17,0.6994
9500,234,17,0.5455
9501,234,17,0.2410
9700,235,23,0.9744
9701,235,23,0.7242
10626,236,23,0.7824
10627,236,23,0.8616
10628,236,23,0.9742
10629,236,23,0.0194
10630,236,23,0.8537
10631,236,23,0.8651
10632,236,23,0.4089
10633,236,23,0.1511
10634,236,23,0.8829
10635,236,23,0.9480
7633,227,93,0.8965
7634,227,93,0.9664
7635,227,93,0.9438
7636,227,93,0.9537
7637,227,93,0.9280
7638,227,93,0.5533
7639,227,93,0.2147
7640,227,93,0.9840
7641,227,93,0.9688
9502,234,17,0.9040
9503,234,17,0.5654
9702,235,23,0.3965
9703,235,23,0.6651
9704,235,23,0.9254
9705,235,23,0.9601
9706,235,23,0.9689
9707,235,23,0.1442
9708,235,23,0.8657
9709,235,23,0.8353
9710,235,23,0.9157
9711,235,23,0.9873
10636,236,23,0.8990
10637,236,23,0.5351
10638,236,23,0.9859
10639,236,23,0.4217
10640,236,23,0.9240
10641,236,23,0.9826
10642,236,23,0.1182
10643,236,23,0.8314
10644,236,23,0.4625
10645,236,23,0.4682
9504,234,17,0.0240
9505,234,17,0.7587
9712,235,23,0.8891
9713,235,23,0.5606
10646,236,23,0.8836
10647,236,23,0.9514
10648,236,23,0.3907
10649,236,23,0.8410
10650,236,23,0.5547
10651,236,23,0.9709
10652,236,23,0.9944
10653,236,23,0.9990
10654,236,23,0.9989
10655,236,23,0.9980
11276,237,132,0.6728
11277,237,132,0.9582
11278,237,132,0.9944
11279,237,132,0.0453
11280,237,132,0.9055
11281,237,132,0.6281
11282,237,132,0.0851
11283,237,132,0.7151
11284,237,132,0.2743
11285,237,132,0.1899
9506,234,17,0.7844
9507,234,17,0.8311
9508,234,17,0.9493
9509,234,17,0.6544
9510,234,17,0.8795
9511,234,17,0.3609
9714,235,23,0.2412
9715,235,23,0.6169
10656,236,23,0.3031
10657,236,23,0.3755
10658,236,23,0.4111
10659,236,23,0.9395
10660,236,23,0.9932
10661,236,23,0.9855
10662,236,23,0.9510
10663,236,23,0.9781
10664,236,23,0.9577
10665,236,23,0.9915
11286,237,132,0.8995
11287,237,132,0.8705
11288,237,132,0.1873
11289,237,132,0.7750
11290,237,132,0.9000
11291,237,132,0.9873
11292,237,132,0.9130
11293,237,132,0.3572
11294,237,132,0.7025
11295,237,132,0.8200
9512,234,17,0.9240
9513,234,17,0.9806
9514,234,17,0.8278
9515,234,17,0.8641
9516,234,17,0.9444
9517,234,17,0.9300
9518,234,17,0.2121
9519,234,17,0.3797
9520,234,17,0.1867
9521,234,17,0.9836
9716,235,23,0.9669
9717,235,23,0.7739
10666,236,23,0.8848
10667,236,23,0.8853
10668,236,23,0.6641
10669,236,23,0.2047
11296,237,132,0.9307
11297,237,132,0.9816
11298,237,132,0.9832
11299,237,132,0.9909
11300,237,132,0.9891
11301,237,132,0.5143
11302,237,132,0.9199
9522,234,17,0.0784
9523,234,17,0.5409
9524,234,17,0.1468
9718,235,23,0.0510
9719,235,23,0.8002
9720,235,23,0.9015
9721,235,23,0.5697
9722,235,23,0.4911
10670,236,23,0.9317
10671,236,23,0.7157
10672,236,23,0.9344
10673,236,23,0.0314
10674,236,23,0.9600
10675,236,23,0.8571
10676,236,23,0.8404
10677,236,23,0.9602
10678,236,23,0.9494
10679,236,23,0.8606
11303,237,132,0.3395
9525,234,17,0.1538
9526,234,17,0.9811
9723,235,23,0.0569
9724,235,23,0.6246
10680,236,23,0.9831
10681,236,23,0.9774
10682,236,23,0.9257
10683,236,23,0.7744
10684,236,23,0.0888
10685,236,23,0.8524
10686,236,23,0.6753
10687,236,23,0.1685
10688,236,23,0.9464
10689,236,23,0.9974
11304,237,132,0.9773
11305,237,132,0.5686
11306,237,132,0.4911
9527,234,17,0.2986
9528,234,17,0.6150
9725,235,23,0.7739
9726,235,23,0.8415
10690,236,23,0.9275
10691,236,23,0.1006
10692,236,23,0.6041
10693,236,23,0.2026
10694,236,23,0.1409
11307,237,132,0.8565
11308,237,132,0.4457
11309,237,132,0.8676
9529,234,17,0.1917
9530,234,17,0.7187
9531,234,17,0.9645
9532,234,17,0.3337
9533,234,17,0.8266
9534,234,17,0.5639
9727,235,23,0.8599
9728,235,23,0.0727
9729,235,23,0.7222
10695,236,23,0.9533
10696,236,23,0.7562
11310,237,132,0.9791
11311,237,132,0.6465
11312,237,132,0.1039
11313,237,132,0.1862
9535,234,17,0.9072
9536,234,17,0.8980
9537,234,17,0.9746
9538,234,17,0.2796
9539,234,17,0.6663
9730,235,23,0.8933
9731,235,23,0.7860
10697,236,23,0.9376
10698,236,23,0.6471
10699,236,23,0.6132
10700,236,23,0.7702
10701,236,23,0.9657
10702,236,23,0.0088
10703,236,23,0.0995
11314,237,132,0.9761
11315,237,132,0.2595
11316,237,132,0.6686
9540,234,17,0.2179
9541,234,17,0.5995
9732,235,23,0.7509
9733,235,23,0.4858
10704,236,23,0.7958
10705,236,23,0.9827
10706,236,23,0.9569
10707,236,23,0.4343
10708,236,23,0.8314
11317,237,132,0.8462
11318,237,132,0.9710
11319,237,132,0.9298
11320,237,132,0.9273
11321,237,132,0.9755
11322,237,132,0.5663
11323,237,132,0.9668
11324,237,132,0.9907
11325,237,132,0.8766
11326,237,132,0.9276
9542,234,17,0.5664
9543,234,17,0.3811
9544,234,17,0.3953
9545,234,17,0.8594
9546,234,17,0.9745
9547,234,17,0.1263
9734,235,23,0.4014
9735,235,23,0.3773
9736,235,23,0.6647
10709,236,23,0.9595
10710,236,23,0.9202
11327,237,132,0.9558
11328,237,132,0.9793
11329,237,132,0.9816
11330,237,132,0.9794
11331,237,132,0.9664
11332,237,132,0.3476
11333,237,132,0.9450
11334,237,132,0.9168
11335,237,132,0.9911
11336,237,132,0.9156
9548,234,17,0.9539
9549,234,17,0.9748
9550,234,17,0.8119
9551,234,17,0.7714
9552,234,17,0.9281
9553,234,17,0.9837
9554,234,17,0.3014
9737,235,23,0.7946
9738,235,23,0.7835
9739,235,23,0.8375
9740,235,23,0.9797
9741,235,23,0.9686
9742,235,23,0.9959
9743,235,23,0.9934
9744,235,23,0.9980
9745,235,23,0.9950
9746,235,23,0.9983
10711,236,23,0.9702
10712,236,23,0.6478
10713,236,23,0.0421
10714,236,23,0.7719
10715,236,23,0.9324
10716,236,23,0.1124
10717,236,23,0.5336
11337,237,23,0.6290
11338,237,23,0.4924
11339,237,23,0.3888
11340,237,23,0.9768
11341,237,23,0.9976
11342,237,23,0.9985
11343,237,23,0.9963
11344,237,23,0.9990
11345,237,23,0.9992
11346,237,23,0.9984
9555,234,17,0.3942
9556,234,17,0.7889
9747,235,23,0.1516
9748,235,23,0.5086
9749,235,23,0.9315
9750,235,23,0.9878
9751,235,23,0.9889
9752,235,23,0.9980
9753,235,23,0.9974
9754,235,23,0.9961
9755,235,23,0.9918
9756,235,23,0.9933
10718,236,23,0.5915
10719,236,23,0.6109
11347,237,23,0.5422
11348,237,23,0.4094
11349,237,23,0.8701
11350,237,23,0.2530
11351,237,23,0.9704
11352,237,23,0.9958
11353,237,23,0.9757
11354,237,23,0.9971
11355,237,23,0.9981
11356,237,23,0.9316
9557,234,17,0.4463
9558,234,17,0.7848
9559,234,17,0.9609
9560,234,17,0.9874
9561,234,17,0.9536
9562,234,17,0.8313
9563,234,17,0.5032
9564,234,17,0.7133
9565,234,17,0.3231
9757,235,23,0.5567
9758,235,23,0.5806
9759,235,23,0.8117
9760,235,23,0.9895
9761,235,23,0.9526
9762,235,23,0.9936
9763,235,23,0.9981
9764,235,23,0.9984
9765,235,23,0.9938
9766,235,23,0.9985
10720,236,23,0.6525
10721,236,23,0.0750
10722,236,23,0.9772
10723,236,23,0.7970
10724,236,23,0.5135
11357,237,23,0.3275
11358,237,23,0.3360
11359,237,23,0.8340
11360,237,23,0.9186
11361,237,23,0.8601
11362,237,23,0.0302
11363,237,23,0.1815
11364,237,23,0.6787
11365,237,23,0.1371
11366,237,23,0.3867
9566,234,17,0.5425
9567,234,17,0.2232
9568,234,17,0.5586
9767,235,23,0.6940
9768,235,23,0.8297
9769,235,23,0.7180
9770,235,23,0.9101
9771,235,23,0.9820
9772,235,23,0.9952
9773,235,23,0.8917
9774,235,23,0.9927
9775,235,23,0.9899
9776,235,23,0.9934
10725,236,23,0.9439
10726,236,23,0.9329
11367,237,23,0.8174
11368,237,23,0.8514
9569,234,17,0.7957
9570,234,17,0.5943
9571,234,17,0.9695
9572,234,17,0.9945
9573,234,17,0.7473
9574,234,17,0.9090
9575,234,17,0.1037
9576,234,17,0.3178
9577,234,17,0.5317
9578,234,17,0.9368
9777,235,23,0.1383
10727,236,23,0.0577
10728,236,23,0.9018
11369,237,23,0.9577
11370,237,23,0.5400
11371,237,23,0.6659
11372,237,23,0.7967
11373,237,23,0.2338
11374,237,23,0.9002
11375,237,23,0.7707
11376,237,23,0.1309
11377,237,23,0.0963
11378,237,23,0.2786
9579,234,17,0.8629
9580,234,17,0.8631
9581,234,17,0.5630
9582,234,17,0.8545
9583,234,17,0.7750
9584,234,17,0.9698
9585,234,17,0.0257
9586,234,17,0.9605
9587,234,17,0.4904
9588,234,17,0.2881
9778,235,23,0.2994
9779,235,23,0.8373
10729,236,23,0.2852
10730,236,23,0.7564
11379,237,23,0.7746
11380,237,23,0.9335
11381,237,23,0.9781
11382,237,23,0.9795
11383,237,23,0.8665
11384,237,23,0.2742
9589,234,17,0.8743
9590,234,17,0.8908
9591,234,17,0.4390
9592,234,17,0.7881
9593,234,17,0.9297
9594,234,17,0.9931
9595,234,17,0.1636
9596,234,17,0.5682
9597,234,17,0.9898
9780,235,23,0.1234
9781,235,23,0.7540
10731,236,23,0.9124
10732,236,23,0.0174
10733,236,23,0.9864
10734,236,23,0.9907
10735,236,23,0.0085
10736,236,23,0.5328
10737,236,23,0.7371
11385,237,23,0.9774
11386,237,23,0.3689
9598,234,93,0.9118
9599,234,93,0.2803
9600,234,93,0.6112
9782,235,23,0.1119
9783,235,23,0.8099
10738,236,23,0.6692
10739,236,23,0.7655
11387,237,23,0.9853
11388,237,23,0.5905
11389,237,23,0.4754
9601,234,93,0.9668
9602,234,93,0.9905
9603,234,93,0.5484
9604,234,93,0.9804
9605,234,93,0.9944
9606,234,93,0.8703
9607,234,93,0.8878
9608,234,93,0.6480
9609,234,93,0.9899
9784,235,23,0.4791
9785,235,23,0.5377
9786,235,23,0.9639
9787,235,23,0.3840
10740,236,23,0.9351
10741,236,23,0.9876
10742,236,23,0.9854
11390,237,23,0.9283
11391,237,23,0.0186
11392,237,23,0.9315
11393,237,23,0.7869
11394,237,23,0.4962
11395,237,23,0.9568
11396,237,23,0.9567
11397,237,23,0.7339
11398,237,23,0.4331
11399,237,23,0.9014
9788,235,23,0.5066
9789,235,23,0.7260
10743,236,23,0.5631
10744,236,23,0.9310
11400,237,23,0.8562
11401,237,23,0.9645
11402,237,23,0.9759
11403,237,23,0.9840
11404,237,23,0.7596
11405,237,23,0.4933
11406,237,23,0.6116
11407,237,23,0.4824
11408,237,23,0.1046
11409,237,23,0.5053
11962,238,132,0.6059
11963,238,132,0.8615
11964,238,132,0.9716
11965,238,132,0.7089
11966,238,132,0.9239
11967,238,132,0.9274
11968,238,132,0.9940
11969,238,132,0.9807
11970,238,132,0.9643
11971,238,132,0.9898
9790,235,23,0.7090
9791,235,23,0.9438
9792,235,23,0.9800
9793,235,23,0.9838
9794,235,23,0.4376
9795,235,23,0.8003
9796,235,23,0.9155
9797,235,23,0.9910
9798,235,23,0.8416
9799,235,23,0.9831
10745,236,23,0.7453
10746,236,23,0.8030
10747,236,23,0.8038
11410,237,23,0.8644
11411,237,23,0.5287
11972,238,23,0.9787
11973,238,23,0.8808
11974,238,23,0.7800
11975,238,23,0.7209
11976,238,23,0.9891
11977,238,23,0.4070
11978,238,23,0.7629
11979,238,23,0.8336
11980,238,23,0.9953
11981,238,23,0.9953
9800,235,23,0.2788
9801,235,23,0.2847
9802,235,23,0.9166
9803,235,23,0.9843
9804,235,23,0.9564
9805,235,23,0.9831
9806,235,23,0.9938
9807,235,23,0.0039
10748,236,23,0.4926
10749,236,23,0.5268
11412,237,23,0.4104
11413,237,23,0.9499
11414,237,23,0.7947
11415,237,23,0.4382
11982,238,107,0.9493
11983,238,107,0.9344
11984,238,107,0.9936
11985,238,107,0.9944
11986,238,107,0.9506
11987,238,107,0.9968
11988,238,107,0.9970
11989,238,107,0.0174
11990,238,107,0.8801
9808,235,23,0.7837
9809,235,23,0.8856
9810,235,23,0.9833
9811,235,23,0.9966
9812,235,23,0.9967
9813,235,23,0.9940
9814,235,23,0.9662
9815,235,23,0.9484
9816,235,23,0.7123
9817,235,23,0.8779
10750,236,23,0.8598
10751,236,23,0.5460
11416,237,23,0.9878
11417,237,23,0.8942
11418,237,23,0.8579
11991,238,43,0.8035
11992,238,43,0.9643
11993,238,43,0.9847
11994,238,43,0.9402
11995,238,43,0.9661
11996,238,43,0.2650
11997,238,43,0.2731
11998,238,43,0.9243
11999,238,43,0.9782
12000,238,43,0.9658
9818,235,23,0.8407
9819,235,23,0.2979
9820,235,23,0.6190
9821,235,23,0.7124
9822,235,23,0.8063
9823,235,23,0.9053
9824,235,23,0.9893
9825,235,23,0.9988
9826,235,23,0.9987
9827,235,23,0.9978
10752,236,23,0.3305
10753,236,23,0.5872
11419,237,23,0.9688
11420,237,23,0.4329
11421,237,23,0.9758
11422,237,23,0.5442
11423,237,23,0.2547
12001,238,17,0.5104
12002,238,17,0.9666
12003,238,17,0.9920
12004,238,17,0.9201
12005,238,17,0.1118
12006,238,17,0.7718
12007,238,17,0.9903
12008,238,17,0.9103
12009,238,17,0.2480
12010,238,17,0.9537
9828,235,23,0.5649
9829,235,23,0.8472
9830,235,23,0.8791
9831,235,23,0.8669
9832,235,23,0.9222
9833,235,23,0.9512
9834,235,23,0.9891
9835,235,23,0.9977
9836,235,23,0.9897
9837,235,23,0.9977
10754,236,23,0.5857
10755,236,23,0.4851
10756,236,23,0.4158
10757,236,23,0.8678
11424,237,23,0.7367
11425,237,23,0.2083
11426,237,23,0.7895
11427,237,23,0.6747
11428,237,23,0.9196
11429,237,23,0.5662
11430,237,23,0.9683
11431,237,23,0.8947
11432,237,23,0.0758
11433,237,23,0.4060
12011,238,17,0.9827
12012,238,17,0.8441
12013,238,17,0.9600
12014,238,17,0.9849
12015,238,17,0.2520
12016,238,17,0.9848
12017,238,17,0.8650
12018,238,17,0.8390
12019,238,17,0.9942
12020,238,17,0.9827
9838,235,23,0.8886
9839,235,23,0.7764
9840,235,23,0.7040
9841,235,23,0.9940
9842,235,23,0.9860
9843,235,23,0.9955
9844,235,23,0.9891
9845,235,23,0.9546
9846,235,23,0.9857
9847,235,23,0.9958
10758,236,23,0.9481
10759,236,23,0.8739
11434,237,23,0.2071
11435,237,23,0.9218
11436,237,23,0.4227
11437,237,23,0.2145
11438,237,23,0.1994
11439,237,23,0.9314
11440,237,23,0.8436
11441,237,23,0.9258
11442,237,23,0.6196
11443,237,23,0.9797
12021,238,17,0.5179
12022,238,17,0.7190
12023,238,17,0.8259
12024,238,17,0.9836
12025,238,17,0.8871
12026,238,17,0.7816
12027,238,17,0.1063
12028,238,17,0.9859
12029,238,17,0.9780
12030,238,17,0.0696
9848,235,23,0.8966
9849,235,23,0.2937
9850,235,23,0.9865
9851,235,23,0.9975
9852,235,23,0.9955
9853,235,23,0.9858
9854,235,23,0.9981
9855,235,23,0.9846
9856,235,23,0.9967
9857,235,23,0.9963
10760,236,23,0.9565
10761,236,23,0.4662
11444,237,23,0.2074
11445,237,23,0.2582
11446,237,23,0.4471
11447,237,23,0.7926
11448,237,23,0.7718
11449,237,23,0.1269
11450,237,23,0.7935
11451,237,23,0.6937
11452,237,23,0.4797
11453,237,23,0.5390
12031,238,17,0.5519
12032,238,17,0.9752
12033,238,17,0.9872
12034,238,17,0.9810
12035,238,17,0.9365
12036,238,17,0.9489
12037,238,17,0.9711
12038,238,17,0.6325
12039,238,17,0.9052
12040,238,17,0.9654
9858,235,23,0.6991
9859,235,23,0.0429
9860,235,23,0.9768
9861,235,23,0.9796
9862,235,23,0.9869
9863,235,23,0.9805
9864,235,23,0.9944
9865,235,23,0.9622
9866,235,23,0.9948
9867,235,23,0.9921
10762,236,23,0.8051
10763,236,23,0.6880
11454,237,23,0.5043
11455,237,23,0.0656
11456,237,23,0.1459
11457,237,23,0.2197
11458,237,23,0.5167
11459,237,23,0.3676
11460,237,23,0.7069
11461,237,23,0.8076
11462,237,23,0.2489
11463,237,23,0.2770
12041,238,17,0.7216
12042,238,17,0.5449
9868,235,23,0.8239
9869,235,23,0.9216
9870,235,23,0.6328
9871,235,23,0.9741
9872,235,23,0.9933
9873,235,23,0.9961
9874,235,23,0.9959
9875,235,23,0.9942
9876,235,23,0.9875
9877,235,23,0.9903
10764,236,23,0.1743
10765,236,23,0.5649
11464,237,23,0.5842
11465,237,23,0.3983
11466,237,23,0.3422
11467,237,23,0.7814
11468,237,23,0.7275
11469,237,23,0.1751
11470,237,23,0.3397
11471,237,23,0.7156
11472,237,23,0.5790
11473,237,23,0.2066
12043,238,17,0.3842
12044,238,17,0.6490
12045,238,17,0.2323
12046,238,17,0.8823
12047,238,17,0.6111
12048,238,17,0.8919
12049,238,17,0.9930
12050,238,17,0.9979
12051,238,17,0.9976
12052,238,17,0.9995
9878,235,23,0.5714
9879,235,23,0.8071
9880,235,23,0.7634
9881,235,23,0.9777
9882,235,23,0.9957
9883,235,23,0.9978
9884,235,23,0.9946
9885,235,23,0.9981
9886,235,23,0.9983
9887,235,23,0.9990
10766,236,23,0.2751
10767,236,23,0.9077
10768,236,23,0.3740
11474,237,23,0.3048
11475,237,23,0.2888
11476,237,23,0.8369
11477,237,23,0.4698
11478,237,23,0.4368
11479,237,23,0.6239
11480,237,23,0.0316
11481,237,23,0.1516
11482,237,23,0.7876
11483,237,23,0.8386
12053,238,17,0.7682
12054,238,17,0.2240
12055,238,17,0.5831
12056,238,17,0.8115
12057,238,17,0.9451
12058,238,17,0.9977
12059,238,17,0.9991
12060,238,17,0.9991
12061,238,17,0.9974
12062,238,17,0.9974
9888,235,23,0.6500
9889,235,23,0.9072
9890,235,23,0.2735
9891,235,23,0.8977
9892,235,23,0.9062
9893,235,23,0.9521
9894,235,23,0.9329
9895,235,23,0.8278
9896,235,23,0.9685
9897,235,23,0.9494
10769,236,23,0.1260
10770,236,23,0.6498
11484,237,23,0.2791
11485,237,23,0.2668
11486,237,23,0.8701
11487,237,23,0.1694
11488,237,23,0.3394
11489,237,23,0.5760
11490,237,23,0.2445
11491,237,23,0.0134
11492,237,23,0.4039
11493,237,23,0.5624
12063,238,17,0.6604
12064,238,17,0.9494
12065,238,17,0.9925
12066,238,17,0.2433
12067,238,17,0.8504
12068,238,17,0.5526
12069,238,17,0.2197
12070,238,17,0.1216
12071,238,17,0.5133
12072,238,17,0.0709
9898,235,23,0.1707
9899,235,23,0.3942
9900,235,23,0.7735
9901,235,23,0.9726
9902,235,23,0.9752
9903,235,23,0.9915
9904,235,23,0.9806
9905,235,23,0.9951
9906,235,23,0.9981
9907,235,23,0.9984
10771,236,23,0.1968
10772,236,23,0.7725
11494,237,23,0.1227
11495,237,23,0.4975
11496,237,23,0.8732
11497,237,23,0.9008
11498,237,23,0.9062
11499,237,23,0.9897
11500,237,23,0.9299
11501,237,23,0.9730
11502,237,23,0.9246
11503,237,23,0.9856
12073,238,17,0.7797
12074,238,17,0.9595
12075,238,17,0.6775
12076,238,17,0.5455
12077,238,17,0.1871
12078,238,17,0.6901
12079,238,17,0.9858
12080,238,17,0.2818
12081,238,17,0.8631
12082,238,17,0.9565
9908,235,23,0.3270
9909,235,23,0.0893
9910,235,23,0.8214
9911,235,23,0.8190
9912,235,23,0.9613
9913,235,23,0.9859
9914,235,23,0.9897
9915,235,23,0.9945
9916,235,23,0.9970
9917,235,23,0.9966
10773,236,23,0.7599
10774,236,23,0.7405
11504,237,23,0.1179
11505,237,23,0.7342
11506,237,23,0.2403
11507,237,23,0.7604
11508,237,23,0.2686
11509,237,23,0.1729
11510,237,23,0.9144
11511,237,23,0.2140
11512,237,23,0.1856
11513,237,23,0.3080
12083,238,93,0.9848
12084,238,93,0.9917
12085,238,93,0.9178
12086,238,93,0.7465
12087,238,93,0.8588
12088,238,93,0.8727
12089,238,93,0.6153
12090,238,93,0.9780
12091,238,93,0.9153
9918,235,23,0.0731
9919,235,23,0.8493
9920,235,23,0.9606
9921,235,23,0.9648
9922,235,23,0.9874
9923,235,23,0.9879
9924,235,23,0.9935
9925,235,23,0.9483
9926,235,23,0.9899
9927,235,23,0.9985
10775,236,23,0.6549
10776,236,23,0.9319
10777,236,23,0.2212
10778,236,23,0.9037
10779,236,23,0.9807
10780,236,23,0.2041
10781,236,23,0.3642
10782,236,23,0.9570
10783,236,23,0.9987
10784,236,23,0.9972
11514,237,23,0.1475
11515,237,23,0.1256
11516,237,23,0.6253
11517,237,23,0.2356
11518,237,23,0.9123
11519,237,23,0.5549
11520,237,23,0.4818
11521,237,23,0.6147
11522,237,23,0.1566
11523,237,23,0.5567
12092,239,132,0.4355
12093,239,132,0.9363
12094,239,132,0.9721
12095,239,132,0.9868
12096,239,132,0.9867
12097,239,132,0.1439
12098,239,132,0.0310
12099,239,132,0.2646
12100,239,132,0.9318
12101,239,132,0.9808
9928,235,23,0.1887
9929,235,23,0.3200
9930,235,23,0.9220
9931,235,23,0.7388
9932,235,23,0.9714
9933,235,23,0.9934
9934,235,23,0.9786
9935,235,23,0.9811
9936,235,23,0.9947
9937,235,23,0.9987
10785,236,23,0.4201
10786,236,23,0.8077
11524,237,23,0.5992
11525,237,23,0.4160
11526,237,23,0.5140
11527,237,23,0.8454
11528,237,23,0.7961
11529,237,23,0.8362
11530,237,23,0.5221
11531,237,23,0.1101
11532,237,23,0.2759
11533,237,23,0.1133
12102,239,132,0.8089
12103,239,132,0.9824
12104,239,132,0.9881
12105,239,132,0.4508
12106,239,132,0.9781
12107,239,132,0.9757
12108,239,132,0.9166
12109,239,132,0.0508
12110,239,132,0.8552
12111,239,132,0.9652
9938,235,23,0.8123
9939,235,23,0.6864
9940,235,23,0.9735
9941,235,23,0.9900
9942,235,23,0.9900
9943,235,23,0.9988
9944,235,23,0.9975
9945,235,23,0.9977
9946,235,23,0.9883
9947,235,23,0.9958
10787,236,23,0.6787
10788,236,23,0.9892
10789,236,23,0.1167
10790,236,23,0.9560
10791,236,23,0.9931
10792,236,23,0.9607
10793,236,23,0.1591
10794,236,23,0.9848
10795,236,23,0.0024
11534,237,23,0.1749
12112,239,132,0.9759
12113,239,132,0.9184
12114,239,132,0.9187
12115,239,132,0.9845
12116,239,132,0.9863
12117,239,132,0.9280
12118,239,132,0.8626
12119,239,132,0.9557
12120,239,132,0.9575
12121,239,132,0.9731
9948,235,23,0.6445
9949,235,23,0.9574
9950,235,23,0.9731
9951,235,23,0.9119
9952,235,23,0.6146
9953,235,23,0.9889
9954,235,23,0.9983
9955,235,23,0.9988
9956,235,23,0.9971
9957,235,23,0.9976
10796,236,23,0.7576
10797,236,23,0.9550
10798,236,23,0.9748
10799,236,23,0.3925
10800,236,23,0.3397
10801,236,23,0.9646
10802,236,23,0.9891
10803,236,23,0.9923
10804,236,23,0.9892
10805,236,23,0.6938
11535,237,132,0.5786
12122,239,23,0.9388
12123,239,23,0.2073
12124,239,23,0.2725
12125,239,23,0.3299
12126,239,23,0.9519
12127,239,23,0.9927
12128,239,23,0.8609
12129,239,23,0.0393
12130,239,23,0.5408
12131,239,23,0.6992
9958,235,23,0.9545
9959,235,23,0.8606
9960,235,23,0.8784
9961,235,23,0.8845
9962,235,23,0.9851
9963,235,23,0.9960
9964,235,23,0.9892
9965,235,23,0.9958
9966,235,23,0.9948
9967,235,23,0.9899
10806,236,107,0.9936
10807,236,107,0.9385
10808,236,107,0.9856
10809,236,107,0.2003
10810,236,107,0.9674
10811,236,107,0.9553
10812,236,107,0.8057
10813,236,107,0.8548
10814,236,107,0.9521
10815,236,107,0.9960
11536,237,23,0.1552
12132,239,23,0.9258
12133,239,23,0.2035
12134,239,23,0.2294
12135,239,23,0.7833
12136,239,23,0.9536
12137,239,23,0.9876
12138,239,23,0.9951
12139,239,23,0.9947
12140,239,23,0.9819
12141,239,23,0.9981
9968,235,23,0.1457
9969,235,23,0.9413
9970,235,23,0.9935
9971,235,23,0.9958
9972,235,23,0.9896
9973,235,23,0.9916
9974,235,23,0.9944
9975,235,23,0.9938
9976,235,23,0.9966
9977,235,23,0.9678
10816,236,43,0.9785
10817,236,43,0.9386
10818,236,43,0.9234
10819,236,43,0.8917
10820,236,43,0.2489
10821,236,43,0.4123
10822,236,43,0.5880
10823,236,43,0.1118
11537,237,132,0.1614
12142,239,23,0.2927
12143,239,23,0.4704
12144,239,23,0.9711
12145,239,23,0.3329
12146,239,23,0.6872
12147,239,23,0.7967
12148,239,23,0.2332
12149,239,23,0.2758
12150,239,23,0.0166
12151,239,23,0.8294
9978,235,23,0.8852
9979,235,23,0.4827
9980,235,23,0.3912
9981,235,23,0.6834
9982,235,23,0.8578
9983,235,23,0.9684
9984,235,23,0.9837
9985,235,23,0.9947
9986,235,23,0.9977
9987,235,23,0.9910
10824,236,43,0.8337
10825,236,43,0.8240
10826,236,43,0.2379
10827,236,43,0.3540
10828,236,43,0.9891
10829,236,43,0.0620
10830,236,43,0.9826
10831,236,43,0.0648
11538,237,23,0.9516
11539,237,23,0.8751
12152,239,23,0.9548
12153,239,23,0.8531
9988,235,23,0.5491
9989,235,23,0.4038
9990,235,23,0.3262
9991,235,23,0.6381
9992,235,23,0.9091
9993,235,23,0.9467
9994,235,23,0.9837
9995,235,23,0.9869
9996,235,23,0.9904
9997,235,23,0.9958
10832,236,43,0.9764
10833,236,43,0.8530
10834,236,43,0.8953
10835,236,43,0.0283
10836,236,43,0.9266
10837,236,43,0.9536
10838,236,43,0.1681
11540,237,23,0.6679
11541,237,23,0.6192
12154,239,23,0.7849
12155,239,23,0.9801
12156,239,23,0.4484
12157,239,23,0.4192
12158,239,23,0.9611
12159,239,23,0.9769
12160,239,23,0.7426
12161,239,23,0.3932
12162,239,23,0.9811
12163,239,23,0.8027
9998,235,23,0.9221
9999,235,23,0.4483
10000,235,23,0.4600
10001,235,23,0.8429
10002,235,23,0.9094
10003,235,23,0.9797
10004,235,23,0.9904
10005,235,23,0.9966
10006,235,23,0.9907
10007,235,23,0.9958
10839,236,43,0.8828
10840,236,43,0.9748
10841,236,43,0.8401
10842,236,43,0.5934
10843,236,43,0.0144
10844,236,43,0.8427
11542,237,132,0.9453
11543,237,132,0.9851
11544,237,132,0.9874
11545,237,132,0.1713
11546,237,132,0.5118
11547,237,132,0.0850
11548,237,132,0.9559
11549,237,132,0.3636
11550,237,132,0.7273
11551,237,132,0.1404
12164,239,23,0.8870
12165,239,23,0.9846
12166,239,23,0.8797
12167,239,23,0.6212
12168,239,23,0.5759
12169,239,23,0.2972
12170,239,23,0.3284
12171,239,23,0.9746
12172,239,23,0.3872
12173,239,23,0.7049
10008,235,23,0.8676
10009,235,23,0.1753
10010,235,23,0.9754
10011,235,23,0.9988
10012,235,23,0.9985
10013,235,23,0.9980
10014,235,23,0.9966
10015,235,23,0.9598
10016,235,23,0.9936
10017,235,23,0.9966
10845,236,43,0.9545
10846,236,43,0.8577
10847,236,43,0.9749
10848,236,43,0.9790
10849,236,43,0.9643
10850,236,43,0.9804
10851,236,43,0.0384
10852,236,43,0.8362
10853,236,43,0.0610
10854,236,43,0.6793
11552,237,23,0.9159
11553,237,23,0.5687
11554,237,23,0.9870
11555,237,23,0.8920
11556,237,23,0.9740
11557,237,23,0.0946
11558,237,23,0.9846
11559,237,23,0.9928
11560,237,23,0.9885
11561,237,23,0.0098
12174,239,23,0.5764
12175,239,23,0.6474
12176,239,23,0.4788
10018,235,23,0.7129
10019,235,23,0.8452
10020,235,23,0.9626
10021,235,23,0.9684
10022,235,23,0.9731
10023,235,23,0.1965
10024,235,23,0.0257
10025,235,23,0.9023
10026,235,23,0.9790
10027,235,23,0.9967
10855,236,43,0.7219
10856,236,43,0.9803
10857,236,43,0.1792
11562,237,107,0.9595
11563,237,107,0.9879
11564,237,107,0.0989
11565,237,107,0.9765
11566,237,107,0.1380
11567,237,107,0.7198
11568,237,107,0.8926
11569,237,107,0.5896
11570,237,107,0.8904
11571,237,107,0.8090
12177,239,23,0.3694
12178,239,23,0.7641
12179,239,23,0.6545
12180,239,23,0.4265
12181,239,23,0.0900
10028,235,23,0.2988
10029,235,23,0.4417
10030,235,23,0.9298
10031,235,23,0.9916
10032,235,23,0.9535
10033,235,23,0.9936
10034,235,23,0.9978
10035,235,23,0.9967
10036,235,23,0.9983
10037,235,23,0.9985
10858,236,43,0.9733
10859,236,43,0.8722
10860,236,43,0.7972
10861,236,43,0.4191
10862,236,43,0.7948
11572,237,107,0.9643
11573,237,107,0.9727
11574,237,107,0.4927
12182,239,23,0.9148
12183,239,23,0.7158
10038,235,23,0.1818
10039,235,23,0.6743
10040,235,23,0.8502
10041,235,23,0.7971
10042,235,23,0.9449
10043,235,23,0.9390
10044,235,23,0.0079
10045,235,23,0.8290
10046,235,23,0.7945
10047,235,23,0.8773
10863,236,43,0.6579
10864,236,43,0.9720
10865,236,43,0.9827
10866,236,43,0.9905
10867,236,43,0.9873
10868,236,43,0.0946
10869,236,43,0.9845
10870,236,43,0.9177
10871,236,43,0.4822
10872,236,43,0.9229
11575,237,107,0.9411
11576,237,107,0.9882
11577,237,107,0.9831
11578,237,107,0.9896
11579,237,107,0.6101
11580,237,107,0.1308
11581,237,107,0.1913
11582,237,107,0.2587
11583,237,107,0.9721
11584,237,107,0.9950
12184,239,23,0.9551
12185,239,23,0.6698
10048,235,23,0.3287
10049,235,23,0.8939
10050,235,23,0.9691
10051,235,23,0.9887
10052,235,23,0.9915
10053,235,23,0.9960
10054,235,23,0.0014
10055,235,23,0.0132
10056,235,23,0.7217
10057,235,23,0.4991
10873,236,17,0.9728
10874,236,17,0.0219
10875,236,17,0.2483
10876,236,17,0.9813
10877,236,17,0.9946
10878,236,17,0.0089
10879,236,17,0.0851
11585,237,107,0.8721
11586,237,107,0.5397
11587,237,107,0.8353
11588,237,107,0.9891
11589,237,107,0.9196
11590,237,107,0.4676
11591,237,107,0.9811
11592,237,107,0.9864
11593,237,107,0.9517
12186,239,23,0.9783
12187,239,23,0.8911
12188,239,23,0.9120
10058,235,23,0.2859
10059,235,23,0.5933
10060,235,23,0.8945
10061,235,23,0.9731
10062,235,23,0.9272
10063,235,23,0.9961
10064,235,23,0.9971
10065,235,23,0.9950
10066,235,23,0.9971
10067,235,23,0.9974
10880,236,17,0.9406
10881,236,17,0.9842
10882,236,17,0.6725
11594,237,43,0.9252
11595,237,43,0.9545
11596,237,43,0.7961
11597,237,43,0.5952
11598,237,43,0.9055
11599,237,43,0.9782
11600,237,43,0.9486
11601,237,43,0.9757
11602,237,43,0.9414
11603,237,43,0.9149
12189,239,23,0.0318
12190,239,23,0.6882
10068,235,23,0.1027
10069,235,23,0.8634
10070,235,23,0.9931
10071,235,23,0.9980
10072,235,23,0.9984
10073,235,23,0.9990
10074,235,23,0.9983
10075,235,23,0.9828
10076,235,23,0.9965
10077,235,23,0.9987
10883,236,17,0.8852
10884,236,17,0.8420
11604,237,43,0.9365
11605,237,43,0.2481
11606,237,43,0.7569
11607,237,43,0.5494
11608,237,43,0.0735
11609,237,43,0.5040
11610,237,43,0.1686
11611,237,43,0.9544
11612,237,43,0.7948
11613,237,43,0.9856
12191,239,23,0.9755
12192,239,23,0.9844
12193,239,23,0.7325
10078,235,23,0.8651
10079,235,23,0.0209
10080,235,23,0.7973
10081,235,23,0.9227
10082,235,23,0.5076
10083,235,23,0.1432
10084,235,23,0.2841
10085,235,23,0.9621
10086,235,23,0.9251
10087,235,23,0.0104
10885,236,17,0.6419
10886,236,17,0.6025
10887,236,17,0.8521
10888,236,17,0.5585
10889,236,17,0.1852
11614,237,43,0.8490
11615,237,43,0.9520
11616,237,43,0.9285
11617,237,43,0.9566
11618,237,43,0.8501
11619,237,43,0.9784
11620,237,43,0.7855
11621,237,43,0.9294
11622,237,43,0.8232
11623,237,43,0.9493
12194,239,23,0.8999
12195,239,23,0.8222
10088,235,23,0.9781
10089,235,23,0.0463
10090,235,23,0.0276
10091,235,23,0.1749
10092,235,23,0.9047
10093,235,23,0.5977
10094,235,23,0.4264
10095,235,23,0.7233
10096,235,23,0.5851
10097,235,23,0.3854
10890,236,17,0.3968
10891,236,17,0.4221
11624,237,43,0.9469
11625,237,43,0.9577
11626,237,43,0.9564
11627,237,43,0.4915
11628,237,43,0.8663
11629,237,43,0.4868
11630,237,43,0.0498
11631,237,43,0.6350
11632,237,43,0.7563
11633,237,43,0.8015
12196,239,23,0.4732
12197,239,23,0.2768
12198,239,23,0.8615
12199,239,23,0.8629
12200,239,23,0.2417
12201,239,23,0.5053
12202,239,23,0.8688
10098,235,23,0.8777
10099,235,23,0.7964
10100,235,23,0.5109
10101,235,23,0.4874
10102,235,23,0.6073
10103,235,23,0.9722
10104,235,23,0.1283
10105,235,23,0.0662
10106,235,23,0.9344
10107,235,23,0.8138
10892,236,17,0.2363
10893,236,17,0.7082
11634,237,43,0.8530
11635,237,43,0.5412
11636,237,43,0.3406
12203,239,23,0.7781
12204,239,23,0.6744
10108,235,23,0.8239
10109,235,23,0.2716
10110,235,23,0.6009
10111,235,23,0.5956
10112,235,23,0.9210
10113,235,23,0.8726
10114,235,23,0.4739
10115,235,23,0.6678
10116,235,23,0.9358
10117,235,23,0.7939
10894,236,43,0.9873
11637,237,43,0.9411
11638,237,43,0.7619
11639,237,43,0.8029
11640,237,43,0.8038
11641,237,43,0.9390
11642,237,43,0.6693
11643,237,43,0.7521
11644,237,43,0.3753
11645,237,43,0.9746
11646,237,43,0.7209
12205,239,23,0.2389
12206,239,23,0.9311
12207,239,23,0.9232
12208,239,23,0.6558
12209,239,23,0.9813
12210,239,23,0.9748
12211,239,23,0.8903
12212,239,23,0.3277
12213,239,23,0.8810
12214,239,23,0.0133
10118,235,23,0.6009
10119,235,23,0.5048
10120,235,23,0.9633
10121,235,23,0.9815
10122,235,23,0.0056
10123,235,23,0.1465
10124,235,23,0.3334
10125,235,23,0.7502
10126,235,23,0.1124
10127,235,23,0.6202
10895,236,17,0.9410
10896,236,17,0.1736
10897,236,17,0.4653
10898,236,17,0.3022
10899,236,17,0.0339
10900,236,17,0.2474
10901,236,17,0.9791
10902,236,17,0.3333
10903,236,17,0.9675
10904,236,17,0.0159
11647,237,43,0.8822
11648,237,43,0.9031
11649,237,43,0.9922
11650,237,43,0.7766
11651,237,43,0.9276
11652,237,43,0.8405
11653,237,43,0.0686
11654,237,43,0.9521
11655,237,43,0.0522
11656,237,43,0.9215
12215,239,23,0.9351
12216,239,23,0.8155
12217,239,23,0.2306
12218,239,23,0.2930
12219,239,23,0.1605
12220,239,23,0.1906
12221,239,23,0.6050
12222,239,23,0.7660
12223,239,23,0.9239
12224,239,23,0.9842
10128,235,23,0.1491
10129,235,23,0.7861
10130,235,23,0.7550
10131,235,23,0.6815
10132,235,23,0.8878
10133,235,23,0.8890
10134,235,23,0.2192
10135,235,23,0.1402
10905,236,17,0.1541
10906,236,17,0.1900
11657,237,17,0.9220
11658,237,17,0.6533
11659,237,17,0.7486
11660,237,17,0.8475
11661,237,17,0.9333
11662,237,17,0.0829
11663,237,17,0.1320
11664,237,17,0.2350
11665,237,17,0.3358
11666,237,17,0.2894
12225,239,23,0.8224
12226,239,23,0.9620
12227,239,23,0.9608
12228,239,23,0.9843
12229,239,23,0.8143
12230,239,23,0.0581
12231,239,23,0.4593
12232,239,23,0.6197
12233,239,23,0.8601
12234,239,23,0.9882
10136,235,23,0.4621
10137,235,23,0.7514
10138,235,23,0.9572
10139,235,23,0.9551
10907,236,17,0.8373
10908,236,17,0.9457
10909,236,17,0.3214
11667,237,17,0.4837
11668,237,17,0.9109
11669,237,17,0.4190
11670,237,17,0.7595
11671,237,17,0.5419
11672,237,17,0.7536
11673,237,17,0.8590
11674,237,17,0.7882
11675,237,17,0.2096
11676,237,17,0.7976
12235,239,23,0.6666
12236,239,23,0.0684
12237,239,23,0.4850
12238,239,23,0.0943
12239,239,23,0.9921
12240,239,23,0.9937
12241,239,23,0.5510
10140,235,23,0.5021
10141,235,23,0.9373
10142,235,23,0.9969
10910,236,17,0.5722
10911,236,17,0.5511
10912,236,17,0.8238
11677,237,17,0.7743
11678,237,17,0.6840
12242,239,23,0.9523
12243,239,23,0.1533
12244,239,23,0.3948
10143,235,23,0.3916
10144,235,23,0.9439
10145,235,23,0.9992
10146,235,23,0.9948
10147,235,23,0.9960
10148,235,23,0.0029
10913,236,17,0.8296
10914,236,17,0.3285
10915,236,17,0.8725
10916,236,17,0.2043
10917,236,17,0.9938
10918,236,17,0.0136
11679,237,17,0.8859
11680,237,17,0.9855
11681,237,17,0.5077
11682,237,17,0.8429
11683,237,17,0.8767
11684,237,17,0.5345
11685,237,17,0.9715
11686,237,17,0.9985
11687,237,17,0.9996
11688,237,17,0.9982
12245,239,23,0.9538
12246,239,23,0.6990
10149,235,23,0.2448
10150,235,23,0.8995
10151,235,23,0.9803
10152,235,23,0.8814
10919,236,17,0.9588
10920,236,17,0.0142
10921,236,17,0.9693
10922,236,17,0.9837
10923,236,17,0.4081
10924,236,17,0.3372
10925,236,17,0.8152
10926,236,17,0.4775
10927,236,17,0.0151
11689,237,17,0.7910
12247,239,23,0.4166
12248,239,23,0.9514
12249,239,23,0.8186
12250,239,23,0.9726
12251,239,23,0.9914
12252,239,23,0.2086
12253,239,23,0.8372
12254,239,23,0.9750
12255,239,23,0.9449
12256,239,23,0.9803
10153,235,23,0.6821
10154,235,23,0.8804
10155,235,23,0.9456
10156,235,23,0.9777
10157,235,23,0.0064
10158,235,23,0.0024
10159,235,23,0.3750
10160,235,23,0.8733
10161,235,23,0.9697
10162,235,23,0.9574
10928,236,17,0.0429
10929,236,17,0.4104
11690,237,17,0.4614
11691,237,17,0.5430
11692,237,17,0.9801
11693,237,17,0.9894
11694,237,17,0.9973
11695,237,17,0.9981
11696,237,17,0.9973
11697,237,17,0.9983
11698,237,17,0.9987
11699,237,17,0.9990
12257,239,107,0.2137
12258,239,107,0.6164
12259,239,107,0.9676
12260,239,107,0.8398
12261,239,107,0.4714
12262,239,107,0.9676
12263,239,107,0.5833
12264,239,107,0.2104
12265,239,107,0.9851
12266,239,107,0.9681
10163,235,23,0.8874
10164,235,23,0.4644
10165,235,23,0.7517
10166,235,23,0.2878
10167,235,23,0.5431
10168,235,23,0.6428
10169,235,23,0.8903
10170,235,23,0.9886
10171,235,23,0.9919
10172,235,23,0.9725
10930,236,17,0.6357
10931,236,17,0.9846
10932,236,17,0.9378
10933,236,17,0.8669
10934,236,17,0.5871
10935,236,17,0.9884
10936,236,17,0.6849
10937,236,17,0.3477
10938,236,17,0.0073
10939,236,17,0.8775
11700,237,17,0.8978
11701,237,17,0.9839
11702,237,17,0.4144
11703,237,17,0.9500
11704,237,17,0.9965
11705,237,17,0.9853
11706,237,17,0.7694
11707,237,17,0.6579
11708,237,17,0.9167
11709,237,17,0.1211
12267,239,107,0.7863
12268,239,107,0.9467
12269,239,107,0.9951
12270,239,107,0.6162
12271,239,107,0.0888
12272,239,107,0.4248
12273,239,107,0.8858
12274,239,107,0.0785
12275,239,107,0.9693
12276,239,107,0.9111
10173,235,23,0.1225
10174,235,23,0.7560
10175,235,23,0.8658
10176,235,23,0.9194
10177,235,23,0.8984
10178,235,23,0.9582
10179,235,23,0.9894
10180,235,23,0.9966
10181,235,23,0.9950
10182,235,23,0.9874
10940,236,17,0.8720
10941,236,17,0.8180
10942,236,17,0.3771
11710,237,17,0.8951
11711,237,17,0.9502
11712,237,17,0.6871
11713,237,17,0.4906
11714,237,17,0.7127
11715,237,17,0.4628
11716,237,17,0.9110
11717,237,17,0.9881
11718,237,17,0.9617
11719,237,17,0.9240
12277,239,43,0.9939
12278,239,43,0.6090
12279,239,43,0.1080
12280,239,43,0.8003
10183,235,23,0.5202
10184,235,23,0.3274
10185,235,23,0.4922
10186,235,23,0.6998
10187,235,23,0.7081
10188,235,23,0.9066
10189,235,23,0.9361
10190,235,23,0.9854
10191,235,23,0.9835
10192,235,23,0.9909
10943,236,17,0.9082
10944,236,17,0.9692
10945,236,17,0.4925
11720,237,17,0.3273
12281,239,43,0.8277
12282,239,43,0.9597
12283,239,43,0.0641
12284,239,43,0.4840
12285,239,43,0.8281
12286,239,43,0.9714
12287,239,43,0.9016
12288,239,43,0.5752
12289,239,43,0.1871
12290,239,43,0.9790
10193,235,23,0.2166
10194,235,23,0.7926
10195,235,23,0.9714
10196,235,23,0.9630
10197,235,23,0.9892
10198,235,23,0.9956
10199,235,23,0.9989
10200,235,23,0.9991
10201,235,23,0.9991
10202,235,23,0.9975
10946,236,17,0.6847
10947,236,17,0.5269
11721,237,17,0.3345
11722,237,17,0.7854
11723,237,17,0.5618
11724,237,17,0.4389
11725,237,17,0.2973
11726,237,17,0.4143
11727,237,17,0.0557
11728,237,17,0.5459
11729,237,17,0.3671
11730,237,17,0.7636
12291,239,43,0.7843
12292,239,43,0.6763
12293,239,43,0.6534
12294,239,43,0.0067
12295,239,43,0.4455
12296,239,43,0.2418
12297,239,43,0.6404
12298,239,43,0.6651
12299,239,43,0.4829
12300,239,43,0.9934
10203,235,23,0.8135
10204,235,23,0.8186
10205,235,23,0.7475
10206,235,23,0.9898
10207,235,23,0.9860
10208,235,23,0.9976
10209,235,23,0.9942
10210,235,23,0.9918
10211,235,23,0.9946
10212,235,23,0.9977
10948,236,17,0.7989
10949,236,17,0.5082
10950,236,17,0.1781
11731,237,17,0.6824
11732,237,17,0.4961
11733,237,17,0.0351
11734,237,17,0.7736
11735,237,17,0.7670
11736,237,17,0.9505
11737,237,17,0.8942
11738,237,17,0.9769
11739,237,17,0.9333
11740,237,17,0.9855
12301,239,43,0.7107
12302,239,43,0.8280
12303,239,43,0.9195
12304,239,43,0.0473
12305,239,43,0.9596
12306,239,43,0.2843
12307,239,43,0.5057
12308,239,43,0.3641
12309,239,43,0.2138
12310,239,43,0.9660
10213,235,23,0.8011
10214,235,23,0.9028
10215,235,23,0.9929
10216,235,23,0.9982
10217,235,23,0.9982
10218,235,23,0.9897
10219,235,23,0.9926
10220,235,23,0.9961
10221,235,23,0.9962
10222,235,23,0.9976
10951,236,17,0.5707
10952,236,17,0.6183
10953,236,17,0.9279
10954,236,17,0.7378
10955,236,17,0.1009
10956,236,17,0.9825
10957,236,17,0.9803
10958,236,17,0.1319
11741,237,17,0.0868
11742,237,17,0.1209
11743,237,17,0.5290
11744,237,17,0.2610
11745,237,17,0.1267
11746,237,17,0.7397
11747,237,17,0.3143
11748,237,17,0.3860
11749,237,17,0.3954
11750,237,17,0.2030
12311,239,43,0.7082
12312,239,43,0.7733
12313,239,43,0.8854
12314,239,43,0.9495
12315,239,43,0.5071
12316,239,43,0.8903
12317,239,43,0.9852
12318,239,43,0.9910
12319,239,43,0.0643
12320,239,43,0.1459
10223,235,23,0.7054
10224,235,23,0.8769
10225,235,23,0.0726
10226,235,23,0.7859
10959,236,17,0.8803
10960,236,17,0.9545
10961,236,17,0.5401
10962,236,17,0.4618
10963,236,17,0.1946
10964,236,17,0.3204
10965,236,17,0.2660
11751,237,17,0.6981
11752,237,17,0.2441
11753,237,17,0.5827
11754,237,17,0.5436
11755,237,17,0.8272
11756,237,17,0.5488
11757,237,17,0.0263
11758,237,17,0.8375
11759,237,17,0.7173
11760,237,17,0.5189
12321,239,43,0.8962
12322,239,43,0.3777
12323,239,43,0.7425
12324,239,43,0.3018
12325,239,43,0.4652
10227,235,23,0.8641
10228,235,23,0.1082
10229,235,23,0.3699
10230,235,23,0.8743
10231,235,23,0.9958
10232,235,23,0.9987
10233,235,23,0.9959
10234,235,23,0.9972
10235,235,23,0.9926
10236,235,23,0.9955
10966,236,17,0.9309
10967,236,17,0.8152
11761,237,17,0.4067
11762,237,17,0.5314
11763,237,17,0.2359
11764,237,17,0.4515
11765,237,17,0.8353
11766,237,17,0.8370
11767,237,17,0.9207
11768,237,17,0.4293
11769,237,17,0.4187
11770,237,17,0.0804
12326,239,43,0.9167
12327,239,43,0.8402
12328,239,43,0.9373
12329,239,43,0.8238
12330,239,43,0.8471
12331,239,43,0.1737
12332,239,43,0.8596
12333,239,43,0.9388
12334,239,43,0.4172
10237,235,23,0.1466
10238,235,23,0.1839
10239,235,23,0.9262
10240,235,23,0.9249
10241,235,23,0.9819
10242,235,23,0.9699
10243,235,23,0.9953
10244,235,23,0.9952
10245,235,23,0.9920
10246,235,23,0.9964
10968,236,17,0.7714
10969,236,17,0.9830
10970,236,17,0.6021
10971,236,17,0.0534
10972,236,17,0.5018
10973,236,17,0.9846
10974,236,17,0.9977
10975,236,17,0.9751
10976,236,17,0.9977
10977,236,17,0.9980
11771,237,17,0.9315
11772,237,17,0.2790
11773,237,17,0.0252
11774,237,17,0.5610
11775,237,17,0.6782
11776,237,17,0.5420
11777,237,17,0.7545
11778,237,17,0.5055
11779,237,17,0.1201
11780,237,17,0.7789
12335,239,43,0.8664
12336,239,43,0.8629
12337,239,43,0.9831
12338,239,43,0.9928
12339,239,43,0.5366
12340,239,43,0.6849
12341,239,43,0.6554
12342,239,43,0.6689
12343,239,43,0.1130
12344,239,43,0.7462
10247,235,107,0.7756
10248,235,107,0.0347
10249,235,107,0.8333
10250,235,107,0.9795
10251,235,107,0.9969
10252,235,107,0.9963
10253,235,107,0.9977
10254,235,107,0.9978
10255,235,107,0.9979
10256,235,107,0.9918
10978,236,17,0.5129
10979,236,17,0.9022
11781,237,17,0.3539
11782,237,17,0.7215
11783,237,17,0.1000
11784,237,17,0.9406
11785,237,17,0.9824
11786,237,17,0.9137
11787,237,17,0.9515
11788,237,17,0.1096
11789,237,17,0.3457
11790,237,17,0.9582
12345,239,17,0.6988
12346,239,17,0.2435
12347,239,17,0.9144
12348,239,17,0.6863
12349,239,17,0.9144
12350,239,17,0.9970
12351,239,17,0.9888
12352,239,17,0.9955
12353,239,17,0.9500
12354,239,17,0.9891
10257,235,107,0.5613
10258,235,107,0.4252
10259,235,107,0.9894
10260,235,107,0.9973
10261,235,107,0.9834
10262,235,107,0.9958
10263,235,107,0.9923
10264,235,107,0.9959
10265,235,107,0.9932
10266,235,107,0.9864
10980,236,17,0.0935
10981,236,17,0.5804
11791,237,17,0.8859
11792,237,17,0.1631
11793,237,17,0.1517
11794,237,17,0.8254
11795,237,17,0.9122
11796,237,17,0.0328
11797,237,17,0.9426
11798,237,17,0.0491
11799,237,17,0.2336
11800,237,17,0.2912
12355,239,17,0.9366
12356,239,17,0.7665
12357,239,17,0.8993
12358,239,17,0.9907
12359,239,17,0.9766
12360,239,17,0.9859
12361,239,17,0.8383
12362,239,17,0.4296
12363,239,17,0.9672
12364,239,17,0.8825
10267,235,107,0.7578
10268,235,107,0.6408
10269,235,107,0.8560
10270,235,107,0.4284
10271,235,107,0.7999
10272,235,107,0.9669
10273,235,107,0.9889
10274,235,107,0.9965
10275,235,107,0.9802
10276,235,107,0.9716
10982,236,17,0.7963
10983,236,17,0.7483
11801,237,17,0.1939
11802,237,17,0.4072
11803,237,17,0.1935
11804,237,17,0.2622
11805,237,17,0.3272
11806,237,17,0.6559
11807,237,17,0.4169
11808,237,17,0.8437
11809,237,17,0.3859
11810,237,17,0.4232
12365,239,17,0.4547
12366,239,17,0.6930
12367,239,17,0.8196
12368,239,17,0.4637
12369,239,17,0.3806
12370,239,17,0.8311
12371,239,17,0.9538
12372,239,17,0.6974
12373,239,17,0.9274
12374,239,17,0.9813
10277,235,107,0.8701
10278,235,107,0.6615
10279,235,107,0.9820
10280,235,107,0.9872
10281,235,107,0.9777
10282,235,107,0.6905
10283,235,107,0.9661
10284,235,107,0.9857
10285,235,107,0.9911
10984,236,43,0.0650
11811,237,17,0.2036
11812,237,17,0.7908
11813,237,17,0.0524
11814,237,17,0.3111
11815,237,17,0.7636
11816,237,17,0.1545
11817,237,17,0.9377
11818,237,17,0.0065
11819,237,17,0.7347
11820,237,17,0.6201
12375,239,17,0.7549
12376,239,17,0.6609
12377,239,17,0.7357
12378,239,17,0.9177
12379,239,17,0.9418
12380,239,17,0.9766
12381,239,17,0.8841
12382,239,17,0.9890
12383,239,17,0.2459
12384,239,17,0.9499
10286,235,43,0.9484
10287,235,43,0.9731
10288,235,43,0.8539
10289,235,43,0.1652
10290,235,43,0.9446
10291,235,43,0.8901
10292,235,43,0.9539
10293,235,43,0.9702
10294,235,43,0.8165
10295,235,43,0.2406
10985,236,17,0.8086
10986,236,17,0.7977
11821,237,17,0.3841
11822,237,17,0.4729
11823,237,17,0.1928
11824,237,17,0.5559
11825,237,17,0.3829
12385,239,17,0.8412
12386,239,17,0.8650
12387,239,17,0.9799
12388,239,17,0.4186
12389,239,17,0.9131
12390,239,17,0.4620
12391,239,17,0.0581
10296,235,17,0.9130
10297,235,17,0.5474
10298,235,17,0.8376
10299,235,17,0.1942
10300,235,17,0.2908
10301,235,17,0.3342
10302,235,17,0.9603
10303,235,17,0.9902
10304,235,17,0.9943
10305,235,17,0.9318
10987,236,17,0.9392
10988,236,17,0.0126
10989,236,17,0.1669
10990,236,17,0.2391
11826,237,17,0.1608
11827,237,17,0.8046
11828,237,17,0.9397
11829,237,17,0.9133
11830,237,17,0.7608
11831,237,17,0.9628
11832,237,17,0.8328
11833,237,17,0.9797
11834,237,17,0.8806
11835,237,17,0.0106
12392,239,17,0.9578
12393,239,17,0.9434
12394,239,17,0.9516
12395,239,17,0.3854
12396,239,17,0.8684
12397,239,17,0.5507
12398,239,17,0.6800
12399,239,17,0.3120
12400,239,17,0.8800
12401,239,17,0.9769
10306,235,17,0.7240
10307,235,17,0.9746
10308,235,17,0.9102
10309,235,17,0.0742
10310,235,17,0.7404
10311,235,17,0.9614
10312,235,17,0.7563
10313,235,17,0.9890
10314,235,17,0.2783
10315,235,17,0.9786
10991,236,17,0.9213
10992,236,17,0.8449
10993,236,17,0.0223
10994,236,17,0.8289
10995,236,17,0.6043
11836,237,17,0.5597
11837,237,17,0.6586
11838,237,17,0.8636
11839,237,17,0.8081
11840,237,17,0.5416
11841,237,17,0.3675
11842,237,17,0.8824
11843,237,17,0.7938
11844,237,17,0.8654
11845,237,17,0.8466
12402,239,17,0.8012
12403,239,17,0.9640
12404,239,17,0.6528
12405,239,17,0.8172
12406,239,17,0.8601
12407,239,17,0.0840
10316,235,17,0.2492
10317,235,17,0.6650
10996,236,17,0.2850
10997,236,17,0.6565
10998,236,17,0.9751
10999,236,17,0.9657
11000,236,17,0.9325
11001,236,17,0.6295
11002,236,17,0.8560
11003,236,17,0.6636
11846,237,17,0.2758
11847,237,17,0.3245
11848,237,17,0.8065
11849,237,17,0.8914
11850,237,17,0.9201
11851,237,17,0.5209
11852,237,17,0.9698
11853,237,17,0.9739
11854,237,17,0.9377
11855,237,17,0.8483
12408,239,17,0.0458
12409,239,17,0.4429
12410,239,17,0.5644
10318,235,17,0.7275
10319,235,17,0.3303
10320,235,17,0.2479
11004,236,17,0.5285
11005,236,17,0.0663
11006,236,17,0.4289
11856,237,17,0.2806
11857,237,17,0.9259
11858,237,17,0.9392
11859,237,17,0.9148
11860,237,17,0.1725
11861,237,17,0.9901
11862,237,17,0.9827
11863,237,17,0.9719
11864,237,17,0.9778
12411,239,17,0.9604
12412,239,17,0.8273
10321,235,17,0.6141
10322,235,17,0.5364
11007,236,17,0.8484
11008,236,17,0.9780
11009,236,17,0.1166
11010,236,17,0.0896
11011,236,17,0.4465
11865,237,93,0.0334
11866,237,93,0.8565
11867,237,93,0.6065
11868,237,93,0.0305
11869,237,93,0.9474
11870,237,93,0.6619
11871,237,93,0.8630
11872,237,93,0.8593
11873,237,93,0.0271
11874,237,93,0.8141
12413,239,17,0.8839
12414,239,17,0.9606
12415,239,17,0.9155
12416,239,17,0.9533
12417,239,17,0.4689
12418,239,17,0.9780
12419,239,17,0.4772
12420,239,17,0.0803
10323,235,17,0.4508
10324,235,17,0.5021
10325,235,17,0.7025
10326,235,17,0.5146
11012,236,17,0.4337
11013,236,17,0.9735
11014,236,17,0.1631
11015,236,17,0.7335
11016,236,17,0.7018
11017,236,17,0.0776
11875,237,93,0.8287
11876,237,93,0.5266
11877,237,93,0.1895
11878,237,93,0.1134
11879,237,93,0.4768
11880,237,93,0.5069
11881,237,93,0.8953
11882,237,93,0.8993
11883,237,93,0.8995
11884,237,93,0.9054
12421,239,17,0.8896
12422,239,17,0.7002
12423,239,17,0.4238
12424,239,17,0.1728
10327,235,107,0.0466
11018,236,17,0.8599
11019,236,17,0.7265
11020,236,17,0.8793
11021,236,17,0.9916
11022,236,17,0.9156
11023,236,17,0.9612
11024,236,17,0.8354
11025,236,17,0.5304
11026,236,17,0.7358
11027,236,17,0.8115
11885,237,93,0.3477
11886,237,93,0.4323
11887,237,93,0.9654
11888,237,93,0.4437
11889,237,93,0.6964
11890,237,93,0.2103
11891,237,93,0.7085
11892,237,93,0.7906
11893,237,93,0.5823
11894,237,93,0.3338
12425,239,17,0.9603
12426,239,17,0.5818
10328,235,17,0.1409
10329,235,17,0.1276
10330,235,17,0.4374
11028,236,17,0.0343
11029,236,17,0.5959
11895,237,93,0.8686
11896,237,93,0.3988
11897,237,93,0.4242
12427,239,17,0.3456
12428,239,17,0.7134
10331,235,17,0.8142
10332,235,17,0.6499
10333,235,17,0.9779
10334,235,17,0.7112
10335,235,17,0.0706
10336,235,17,0.3602
10337,235,17,0.2586
10338,235,17,0.8786
10339,235,17,0.9306
10340,235,17,0.9808
11030,236,17,0.2113
11031,236,17,0.7375
11898,237,93,0.9263
11899,237,93,0.8118
11900,237,93,0.4418
11901,237,93,0.3685
11902,237,93,0.9528
11903,237,93,0.8253
11904,237,93,0.7948
11905,237,93,0.9427
11906,237,93,0.8346
11907,237,93,0.8741
12429,239,17,0.7620
12430,239,17,0.7587
10341,235,17,0.3372
10342,235,17,0.6176
10343,235,17,0.9738
10344,235,17,0.3338
10345,235,17,0.8522
10346,235,17,0.6064
10347,235,17,0.9446
10348,235,17,0.5457
10349,235,17,0.9141
10350,235,17,0.8344
11032,236,17,0.3692
11033,236,17,0.9136
11908,237,93,0.2292
11909,237,93,0.3624
11910,237,93,0.1703
11911,237,93,0.2590
11912,237,93,0.1700
11913,237,93,0.1886
11914,237,93,0.3194
11915,237,93,0.2591
11916,237,93,0.8055
11917,237,93,0.2170
12431,239,17,0.8108
12432,239,17,0.7991
12433,239,17,0.9008
12434,239,17,0.9533
12435,239,17,0.3849
12436,239,17,0.9637
12437,239,17,0.9949
12438,239,17,0.9897
12439,239,17,0.9030
12440,239,17,0.6624
10351,235,17,0.5346
10352,235,17,0.9164
10353,235,17,0.9773
10354,235,17,0.7451
10355,235,17,0.9747
10356,235,17,0.0915
10357,235,17,0.1839
10358,235,17,0.9748
10359,235,17,0.8014
10360,235,17,0.7704
11034,236,17,0.3761
11035,236,17,0.0339
11036,236,17,0.8852
11918,237,93,0.2731
11919,237,93,0.6030
11920,237,93,0.6672
12441,239,17,0.8687
12442,239,17,0.5284
10361,235,17,0.9331
10362,235,17,0.8144
10363,235,17,0.9648
10364,235,17,0.7575
10365,235,17,0.0973
10366,235,17,0.9081
10367,235,17,0.8635
10368,235,17,0.9813
10369,235,17,0.8654
10370,235,17,0.9047
11037,236,17,0.8597
11038,236,17,0.1052
11039,236,17,0.7000
11040,236,17,0.3305
11921,237,17,0.1718
12443,239,17,0.8461
12444,239,17,0.6354
10371,235,17,0.8879
10372,235,17,0.9021
10373,235,17,0.7681
10374,235,17,0.7228
10375,235,17,0.9321
10376,235,17,0.9249
10377,235,17,0.9570
10378,235,17,0.9844
10379,235,17,0.9948
10380,235,17,0.9987
11041,236,17,0.9714
11042,236,17,0.9111
11043,236,17,0.8014
11044,236,17,0.6569
11045,236,17,0.6426
11046,236,17,0.1609
11047,236,17,0.2635
11048,236,17,0.2066
11922,237,93,0.1553
11923,237,93,0.7438
11924,237,93,0.2136
11925,237,93,0.7817
11926,237,93,0.4252
11927,237,93,0.7638
11928,237,93,0.7358
11929,237,93,0.8218
11930,237,93,0.8920
11931,237,93,0.9558
12445,239,17,0.7562
12446,239,17,0.4359
10381,235,17,0.8346
10382,235,17,0.6024
10383,235,17,0.9601
10384,235,17,0.9945
10385,235,17,0.9974
10386,235,17,0.9981
10387,235,17,0.9986
10388,235,17,0.9990
10389,235,17,0.0015
10390,235,17,0.9982
11049,236,17,0.5439
11050,236,17,0.4253
11051,236,17,0.2614
11052,236,17,0.9433
11932,237,93,0.0720
11933,237,93,0.3115
11934,237,93,0.3702
11935,237,93,0.5201
11936,237,93,0.2136
11937,237,93,0.7003
11938,237,93,0.8725
11939,237,93,0.0679
12447,239,17,0.5759
12448,239,17,0.9572
12449,239,17,0.9891
12450,239,17,0.7838
12451,239,17,0.5802
12452,239,17,0.9294
12453,239,17,0.9950
12454,239,17,0.9897
12455,239,17,0.7129
12456,239,17,0.5431
10391,235,17,0.5444
10392,235,17,0.5511
10393,235,17,0.6519
10394,235,17,0.9530
10395,235,17,0.9753
10396,235,17,0.9961
10397,235,17,0.9964
10398,235,17,0.9937
10399,235,17,0.9940
10400,235,17,0.9921
11053,236,17,0.4612
11054,236,17,0.7675
11940,237,93,0.8092
11941,237,93,0.2822
11942,237,93,0.0989
11943,237,93,0.1289
11944,237,93,0.9078
11945,237,93,0.8908
11946,237,93,0.2851
11947,237,93,0.4383
11948,237,93,0.1540
12457,239,17,0.9687
12458,239,17,0.9623
12459,239,17,0.9793
12460,239,17,0.3724
12461,239,17,0.5037
12462,239,17,0.4449
12463,239,17,0.9628
12464,239,17,0.0143
10401,235,17,0.7809
10402,235,17,0.9503
10403,235,17,0.9779
10404,235,17,0.4556
10405,235,17,0.2254
10406,235,17,0.1478
10407,235,17,0.8951
10408,235,17,0.9069
10409,235,17,0.9130
10410,235,17,0.8427
11055,236,17,0.9800
11056,236,17,0.9701
11057,236,17,0.1517
11949,237,93,0.5860
11950,237,93,0.9594
11951,237,93,0.9702
11952,237,93,0.9788
11953,237,93,0.6410
11954,237,93,0.9020
11955,237,93,0.6306
11956,237,93,0.8438
11957,237,93,0.9729
12465,239,17,0.8490
12466,239,17,0.5284
12467,239,17,0.6356
12468,239,17,0.8807
12469,239,17,0.9589
12470,239,17,0.9017
12471,239,17,0.4513
10411,235,17,0.6323
10412,235,17,0.6650
10413,235,17,0.1161
10414,235,17,0.5085
10415,235,17,0.9136
10416,235,17,0.4030
10417,235,17,0.8583
10418,235,17,0.9326
10419,235,17,0.7161
10420,235,17,0.9283
11058,236,17,0.9460
11059,236,17,0.5314
11060,236,17,0.9868
11061,236,17,0.0739
11062,236,17,0.1542
11063,236,17,0.2827
11958,237,43,0.1420
11959,237,43,0.3679
12472,239,17,0.5751
12473,239,17,0.9205
12474,239,17,0.7122
12475,239,17,0.8643
12476,239,17,0.9266
12477,239,17,0.8314
12478,239,17,0.2060
12479,239,17,0.6711
12480,239,17,0.2511
12481,239,17,0.8588
10421,235,17,0.4998
10422,235,17,0.9612
10423,235,17,0.9670
10424,235,17,0.9925
10425,235,17,0.9888
10426,235,17,0.9492
10427,235,17,0.9493
10428,235,17,0.9818
10429,235,17,0.9917
10430,235,17,0.0171
11064,236,17,0.9582
11065,236,17,0.9755
11066,236,17,0.4218
11960,237,43,0.9536
11961,237,43,0.3712
12482,239,17,0.7792
12483,239,17,0.3826
12484,239,17,0.6744
12485,239,17,0.6723
12486,239,17,0.9500
12487,239,17,0.9845
12488,239,17,0.8605
12489,239,17,0.1233
12490,239,17,0.9471
12491,239,17,0.9759
10431,235,17,0.9591
10432,235,17,0.9861
10433,235,17,0.3926
10434,235,17,0.9932
10435,235,17,0.9318
10436,235,17,0.7524
10437,235,17,0.9398
10438,235,17,0.9479
10439,235,17,0.9426
10440,235,17,0.9794
11067,236,17,0.6456
11068,236,17,0.5945
12492,239,17,0.8592
12493,239,17,0.3807
12494,239,17,0.5389
12495,239,17,0.8823
12496,239,17,0.9359
12497,239,17,0.9116
12498,239,17,0.6271
12499,239,17,0.4204
12500,239,17,0.9672
12501,239,17,0.9925
12609,240,132,0.8197
12610,240,132,0.6068
12611,240,132,0.7060
12612,240,132,0.9661
12613,240,132,0.9746
12614,240,132,0.9184
12615,240,132,0.6899
12616,240,132,0.3935
12617,240,132,0.8692
12618,240,132,0.6929
10441,235,17,0.5215
10442,235,17,0.4638
10443,235,17,0.9520
11069,236,17,0.7465
11070,236,17,0.1641
11071,236,17,0.1822
12502,239,17,0.9160
12503,239,17,0.5111
12504,239,17,0.4279
12505,239,17,0.9319
12619,240,132,0.8053
12620,240,132,0.9581
12621,240,132,0.9860
12622,240,132,0.9554
12623,240,132,0.9921
12624,240,132,0.9423
12625,240,132,0.9906
12626,240,132,0.9953
12627,240,132,0.9976
12628,240,132,0.9834
10444,235,17,0.8131
10445,235,17,0.5992
10446,235,17,0.9607
10447,235,17,0.2249
10448,235,17,0.4211
10449,235,17,0.6405
10450,235,17,0.9722
10451,235,17,0.9863
10452,235,17,0.9925
10453,235,17,0.9988
11072,236,17,0.1145
11073,236,17,0.5060
12506,239,17,0.4108
12507,239,17,0.9847
12508,239,17,0.7536
12509,239,17,0.9873
12510,239,17,0.9884
12511,239,17,0.9949
12512,239,17,0.7200
12513,239,17,0.9689
12514,239,17,0.8847
12515,239,17,0.9844
12629,240,23,0.0189
12630,240,23,0.3898
12631,240,23,0.3188
12632,240,23,0.9778
12633,240,23,0.9087
12634,240,23,0.9681
12635,240,23,0.8192
12636,240,23,0.8944
12637,240,23,0.9279
12638,240,23,0.9148
10454,235,17,0.8558
10455,235,17,0.5157
10456,235,17,0.3604
10457,235,17,0.2121
10458,235,17,0.4362
10459,235,17,0.3888
10460,235,17,0.9341
10461,235,17,0.9872
10462,235,17,0.9976
10463,235,17,0.9986
11074,236,17,0.0692
11075,236,17,0.8881
12516,239,17,0.5737
12517,239,17,0.2248
12518,239,17,0.3841
12519,239,17,0.4036
12520,239,17,0.7318
12521,239,17,0.7779
12522,239,17,0.0126
12523,239,17,0.8573
12524,239,17,0.9779
12525,239,17,0.1055
12639,240,23,0.8909
12640,240,23,0.9826
12641,240,23,0.3770
12642,240,23,0.9765
12643,240,23,0.4141
12644,240,23,0.9253
12645,240,23,0.9446
12646,240,23,0.5970
12647,240,23,0.2036
12648,240,23,0.6940
10464,235,17,0.6088
10465,235,17,0.4902
10466,235,17,0.2049
10467,235,17,0.9640
10468,235,17,0.3079
10469,235,17,0.9547
10470,235,17,0.7817
10471,235,17,0.9568
10472,235,17,0.9187
10473,235,17,0.8733
11076,236,17,0.3075
11077,236,17,0.5291
12526,239,17,0.5151
12527,239,17,0.9683
12528,239,17,0.9278
12529,239,17,0.4139
12530,239,17,0.9521
12531,239,17,0.9289
12532,239,17,0.8979
12533,239,17,0.0114
12534,239,17,0.7550
12535,239,17,0.1219
12649,240,23,0.8733
12650,240,23,0.3613
12651,240,23,0.9817
12652,240,23,0.0259
12653,240,23,0.7541
12654,240,23,0.4593
12655,240,23,0.0052
12656,240,23,0.0138
12657,240,23,0.3129
12658,240,23,0.2913
10474,235,17,0.2134
10475,235,17,0.5004
10476,235,17,0.4942
10477,235,17,0.6917
10478,235,17,0.4275
10479,235,17,0.5026
10480,235,17,0.8596
10481,235,17,0.9882
10482,235,17,0.9936
10483,235,17,0.9831
11078,236,17,0.7785
11079,236,17,0.7371
11080,236,17,0.9798
11081,236,17,0.6082
11082,236,17,0.9812
11083,236,17,0.9943
11084,236,17,0.6607
11085,236,17,0.7780
11086,236,17,0.9101
12536,239,17,0.2913
12537,239,17,0.5562
12659,240,23,0.8723
12660,240,23,0.4039
12661,240,23,0.9519
12662,240,23,0.2867
12663,240,23,0.8317
12664,240,23,0.5957
12665,240,23,0.4340
12666,240,23,0.9791
12667,240,23,0.9897
12668,240,23,0.3361
10484,235,17,0.7113
10485,235,17,0.9927
10486,235,17,0.9804
10487,235,17,0.8833
10488,235,17,0.6304
10489,235,17,0.9014
10490,235,17,0.9308
10491,235,17,0.8742
10492,235,17,0.9908
10493,235,17,0.9884
11087,236,17,0.7532
11088,236,17,0.8389
11089,236,17,0.6017
11090,236,17,0.8897
11091,236,17,0.5144
11092,236,17,0.6725
11093,236,17,0.9674
11094,236,17,0.9416
11095,236,17,0.9994
11096,236,17,0.9908
12538,239,17,0.4020
12669,240,23,0.9457
12670,240,23,0.8679
12671,240,23,0.7695
12672,240,23,0.8307
12673,240,23,0.9016
12674,240,23,0.3727
12675,240,23,0.0212
12676,240,23,0.7475
12677,240,23,0.8451
12678,240,23,0.9102
10494,235,17,0.1784
10495,235,17,0.4589
10496,235,17,0.5181
10497,235,17,0.9015
10498,235,17,0.9314
10499,235,17,0.9961
10500,235,17,0.9948
10501,235,17,0.9983
10502,235,17,0.9982
10503,235,17,0.9941
11097,236,17,0.8355
11098,236,17,0.1254
11099,236,17,0.5329
12539,239,17,0.9606
12540,239,17,0.3343
12541,239,17,0.4030
12542,239,17,0.5249
12543,239,17,0.0658
12544,239,17,0.7229
12679,240,23,0.8238
12680,240,23,0.9615
12681,240,23,0.0631
12682,240,23,0.9114
12683,240,23,0.9980
12684,240,23,0.9983
12685,240,23,0.9992
12686,240,23,0.9992
12687,240,23,0.9985
12688,240,23,0.9965
10504,235,17,0.7186
10505,235,17,0.2445
10506,235,17,0.4348
10507,235,17,0.8294
10508,235,17,0.9926
10509,235,17,0.9960
10510,235,17,0.9949
10511,235,17,0.9894
10512,235,17,0.9968
10513,235,17,0.9967
11100,236,17,0.9676
11101,236,17,0.9600
11102,236,17,0.9918
11103,236,17,0.8458
11104,236,17,0.5558
11105,236,17,0.5049
11106,236,17,0.9429
12545,239,17,0.5588
12546,239,17,0.8988
12689,240,23,0.4637
12690,240,23,0.6468
12691,240,23,0.0445
12692,240,23,0.9046
12693,240,23,0.8734
12694,240,23,0.9731
12695,240,23,0.8016
12696,240,23,0.9819
12697,240,23,0.7759
12698,240,23,0.9625
10514,235,17,0.2373
10515,235,17,0.0573
10516,235,17,0.9097
11107,236,17,0.9599
11108,236,17,0.9684
11109,236,17,0.5123
11110,236,17,0.9440
11111,236,17,0.9363
11112,236,17,0.3461
11113,236,17,0.2164
11114,236,17,0.0272
12547,239,132,0.2897
12699,240,23,0.5294
12700,240,23,0.9383
10517,235,17,0.6548
10518,235,17,0.9818
10519,235,17,0.9237
10520,235,17,0.8815
10521,235,17,0.9820
10522,235,17,0.9322
10523,235,17,0.8644
10524,235,17,0.9381
10525,235,17,0.9880
10526,235,17,0.9891
11115,236,17,0.7299
11116,236,17,0.7049
11117,236,17,0.9791
11118,236,17,0.6120
11119,236,17,0.9593
11120,236,17,0.0911
11121,236,17,0.8432
11122,236,17,0.7907
11123,236,17,0.8558
12548,239,17,0.7054
12701,240,23,0.9547
12702,240,23,0.5417
12703,240,23,0.2016
12704,240,23,0.9163
12705,240,23,0.4636
12706,240,23,0.9446
12707,240,23,0.9544
12708,240,23,0.9768
12709,240,23,0.9957
12710,240,23,0.9992
10527,235,17,0.9335
10528,235,17,0.9715
10529,235,17,0.9922
10530,235,17,0.4498
10531,235,17,0.5193
10532,235,17,0.5501
10533,235,17,0.5296
10534,235,17,0.7979
10535,235,17,0.9097
10536,235,17,0.9972
11124,236,17,0.1017
11125,236,17,0.6703
11126,236,17,0.8568
11127,236,17,0.9775
11128,236,17,0.9863
11129,236,17,0.9814
11130,236,17,0.6903
11131,236,17,0.9850
11132,236,17,0.9452
11133,236,17,0.6218
12549,239,17,0.9674
12550,239,17,0.7822
12551,239,17,0.8203
12552,239,17,0.9696
12553,239,17,0.4822
12554,239,17,0.7769
12555,239,17,0.9945
12556,239,17,0.9717
12557,239,17,0.0862
12558,239,17,0.0453
12711,240,23,0.1921
12712,240,23,0.5508
12713,240,23,0.9520
12714,240,23,0.8022
12715,240,23,0.8758
12716,240,23,0.1433
12717,240,23,0.8707
12718,240,23,0.8492
12719,240,23,0.9021
12720,240,23,0.6903
10537,235,17,0.2345
10538,235,17,0.1748
10539,235,17,0.7662
10540,235,17,0.7940
10541,235,17,0.8044
10542,235,17,0.9405
10543,235,17,0.9935
10544,235,17,0.9891
10545,235,17,0.9928
10546,235,17,0.9822
11134,236,17,0.4925
11135,236,17,0.6551
12559,239,17,0.9618
12560,239,17,0.9882
12561,239,17,0.6528
12562,239,17,0.9871
12563,239,17,0.7367
12564,239,17,0.6838
12565,239,17,0.9784
12566,239,17,0.9836
12567,239,17,0.3594
12568,239,17,0.5523
12721,240,23,0.6417
12722,240,23,0.2080
12723,240,23,0.7760
12724,240,23,0.9696
12725,240,23,0.9880
12726,240,23,0.8706
12727,240,23,0.9689
12728,240,23,0.3507
12729,240,23,0.9869
12730,240,23,0.9760
10547,235,17,0.6134
10548,235,17,0.9338
10549,235,17,0.9553
10550,235,17,0.9845
10551,235,17,0.9973
10552,235,17,0.9977
10553,235,17,0.9977
10554,235,17,0.9951
10555,235,17,0.9976
10556,235,17,0.9986
11136,236,17,0.8991
11137,236,17,0.9875
11138,236,17,0.5840
11139,236,17,0.7584
11140,236,17,0.9507
11141,236,17,0.9439
11142,236,17,0.7700
12569,239,17,0.6564
12570,239,17,0.8874
12571,239,17,0.9726
12572,239,17,0.9417
12573,239,17,0.2734
12574,239,17,0.9609
12575,239,17,0.9680
12576,239,17,0.9843
12577,239,17,0.1659
12578,239,17,0.9113
12731,240,23,0.7823
12732,240,23,0.1417
12733,240,23,0.2515
12734,240,23,0.9221
12735,240,23,0.9751
12736,240,23,0.9558
12737,240,23,0.9971
12738,240,23,0.9928
12739,240,23,0.9959
12740,240,23,0.9977
10557,235,17,0.2033
10558,235,17,0.1492
10559,235,17,0.5417
10560,235,17,0.7974
10561,235,17,0.9630
10562,235,17,0.9895
10563,235,17,0.9963
10564,235,17,0.9949
10565,235,17,0.9980
10566,235,17,0.9952
11143,236,17,0.7852
11144,236,17,0.9790
11145,236,17,0.6312
11146,236,17,0.2205
11147,236,17,0.9134
11148,236,17,0.9648
11149,236,17,0.9804
11150,236,17,0.9151
11151,236,17,0.4363
11152,236,17,0.9809
12579,239,17,0.9697
12580,239,17,0.9677
12581,239,17,0.8378
12582,239,17,0.2226
12583,239,17,0.2399
12584,239,17,0.7907
12585,239,17,0.5616
12586,239,17,0.9883
12587,239,17,0.9909
12588,239,17,0.9689
12741,240,23,0.9357
12742,240,23,0.7077
12743,240,23,0.4833
12744,240,23,0.8116
12745,240,23,0.9300
12746,240,23,0.9899
12747,240,23,0.7425
12748,240,23,0.9966
12749,240,23,0.8885
12750,240,23,0.9937
10567,235,17,0.1414
10568,235,17,0.8697
10569,235,17,0.2388
10570,235,17,0.9771
10571,235,17,0.9126
10572,235,17,0.9910
10573,235,17,0.6961
10574,235,17,0.8159
10575,235,17,0.9544
11153,236,17,0.2196
11154,236,17,0.9801
11155,236,17,0.2774
11156,236,17,0.0666
11157,236,17,0.4195
11158,236,17,0.7983
11159,236,17,0.8905
11160,236,17,0.9990
11161,236,17,0.9985
11162,236,17,0.9915
12589,239,93,0.6364
12590,239,93,0.9174
12591,239,93,0.1713
12592,239,93,0.8257
12593,239,93,0.3813
12594,239,93,0.1974
12595,239,93,0.9087
12596,239,93,0.9947
12597,239,93,0.9810
12598,239,93,0.9902
12751,240,23,0.3328
12752,240,23,0.4916
12753,240,23,0.2783
12754,240,23,0.9729
12755,240,23,0.9608
12756,240,23,0.9724
12757,240,23,0.9765
12758,240,23,0.9165
12759,240,23,0.9884
12760,240,23,0.4833
10576,235,93,0.9458
10577,235,93,0.8673
10578,235,93,0.8961
10579,235,93,0.9258
10580,235,93,0.9923
10581,235,93,0.7940
10582,235,93,0.3601
10583,235,93,0.8199
10584,235,93,0.7714
11163,236,17,0.9341
11164,236,17,0.9676
11165,236,17,0.9925
11166,236,17,0.9252
11167,236,17,0.9871
11168,236,17,0.0986
11169,236,17,0.8254
11170,236,17,0.8761
11171,236,17,0.7676
11172,236,17,0.9750
12599,239,93,0.7187
12600,239,93,0.9867
12601,239,93,0.9821
12602,239,93,0.6626
12603,239,93,0.6388
12604,239,93,0.6242
12605,239,93,0.9328
12606,239,93,0.9039
12607,239,93,0.9926
12608,239,93,0.9790
12761,240,23,0.3435
12762,240,23,0.2392
12763,240,23,0.9128
12764,240,23,0.8312
12765,240,23,0.3293
12766,240,23,0.0995
12767,240,23,0.8915
12768,240,23,0.3841
12769,240,23,0.9774
12770,240,23,0.8977
11173,236,17,0.1395
11174,236,17,0.2580
11175,236,17,0.9151
11176,236,17,0.4823
11177,236,17,0.9029
11178,236,17,0.9627
11179,236,17,0.9161
11180,236,17,0.1077
12771,240,23,0.6133
12772,240,23,0.2145
12773,240,23,0.4159
12774,240,23,0.3438
12775,240,23,0.7332
12776,240,23,0.8874
12777,240,23,0.9960
12778,240,23,0.9977
12779,240,23,0.9944
12780,240,23,0.9968
13100,241,132,0.8502
13101,241,132,0.8629
13102,241,132,0.7351
13103,241,132,0.8867
13104,241,132,0.3276
13105,241,132,0.5471
13106,241,132,0.9541
13107,241,132,0.9891
13108,241,132,0.9942
13109,241,132,0.8203
13720,242,132,0.7223
13721,242,132,0.9429
13722,242,132,0.9383
13723,242,132,0.9703
13724,242,132,0.9888
13725,242,132,0.8760
13726,242,132,0.9002
13727,242,132,0.9398
13728,242,132,0.0461
13729,242,132,0.9822
11181,236,17,0.5508
11182,236,17,0.6427
12781,240,23,0.8221
12782,240,23,0.2844
12783,240,23,0.8072
12784,240,23,0.9938
12785,240,23,0.9953
12786,240,23,0.5578
12787,240,23,0.9712
12788,240,23,0.9129
12789,240,23,0.7332
12790,240,23,0.9763
13110,241,132,0.7259
13111,241,132,0.9747
13112,241,132,0.9910
13113,241,132,0.9848
13114,241,132,0.9415
13115,241,132,0.9903
13116,241,132,0.9730
13117,241,132,0.7794
13118,241,132,0.1968
13119,241,132,0.9744
13730,242,23,0.9749
13731,242,23,0.8749
13732,242,23,0.1870
13733,242,23,0.1423
13734,242,23,0.9068
13735,242,23,0.1550
13736,242,23,0.2573
13737,242,23,0.1000
13738,242,23,0.8233
13739,242,23,0.8702
11183,236,17,0.5706
11184,236,17,0.5646
12791,240,23,0.4125
12792,240,23,0.2709
12793,240,23,0.5868
12794,240,23,0.8292
12795,240,23,0.3835
12796,240,23,0.8058
12797,240,23,0.9567
12798,240,23,0.9938
12799,240,23,0.9244
12800,240,23,0.8063
13120,241,132,0.9939
13121,241,132,0.2979
13122,241,132,0.9921
13123,241,132,0.9848
13124,241,132,0.9817
13125,241,132,0.8199
13126,241,132,0.0240
13127,241,132,0.0349
13128,241,132,0.9911
13129,241,132,0.9941
13740,242,23,0.3793
13741,242,23,0.9488
13742,242,23,0.9413
13743,242,23,0.9433
13744,242,23,0.6637
13745,242,23,0.9363
13746,242,23,0.7350
13747,242,23,0.9624
13748,242,23,0.9814
13749,242,23,0.9436
11185,236,17,0.0322
11186,236,17,0.4098
12801,240,23,0.7968
12802,240,23,0.9732
12803,240,23,0.6560
12804,240,23,0.6786
12805,240,23,0.2552
12806,240,23,0.3872
12807,240,23,0.9536
12808,240,23,0.9960
12809,240,23,0.9984
12810,240,23,0.9985
13130,241,132,0.6929
13131,241,132,0.9660
13132,241,132,0.9873
13133,241,132,0.9905
13134,241,132,0.9728
13135,241,132,0.9834
13136,241,132,0.9932
13137,241,132,0.9653
13138,241,132,0.9804
13139,241,132,0.9661
13750,242,23,0.3246
13751,242,23,0.9012
13752,242,23,0.9755
11187,236,17,0.7074
11188,236,17,0.8421
12811,240,23,0.9207
12812,240,23,0.0614
12813,240,23,0.7295
12814,240,23,0.9844
12815,240,23,0.3016
12816,240,23,0.6123
12817,240,23,0.9884
12818,240,23,0.9968
12819,240,23,0.9979
12820,240,23,0.9340
13140,241,23,0.2538
13141,241,23,0.1982
13142,241,23,0.8213
13143,241,23,0.8408
13144,241,23,0.9988
13145,241,23,0.9993
13146,241,23,0.9992
13147,241,23,0.9996
13148,241,23,0.9965
13149,241,23,0.9993
13753,242,23,0.7521
13754,242,23,0.7353
13755,242,23,0.7912
13756,242,23,0.9634
13757,242,23,0.2576
13758,242,23,0.6626
13759,242,23,0.7190
13760,242,23,0.0547
13761,242,23,0.8796
13762,242,23,0.5665
11189,236,17,0.9287
11190,236,17,0.4078
11191,236,17,0.6332
12821,240,23,0.9813
12822,240,23,0.8989
12823,240,23,0.1966
12824,240,23,0.9752
12825,240,23,0.9975
12826,240,23,0.9948
12827,240,23,0.9865
12828,240,23,0.9634
12829,240,23,0.9993
12830,240,23,0.9993
13150,241,23,0.9734
13151,241,23,0.9818
13152,241,23,0.9645
13153,241,23,0.8806
13154,241,23,0.7334
13155,241,23,0.9075
13156,241,23,0.9257
13157,241,23,0.2191
13158,241,23,0.3542
13159,241,23,0.7122
13763,242,23,0.8338
13764,242,23,0.2091
13765,242,23,0.9630
13766,242,23,0.8920
13767,242,23,0.2347
13768,242,23,0.9572
13769,242,23,0.9993
13770,242,23,0.9994
13771,242,23,0.9992
13772,242,23,0.9951
11192,236,17,0.1915
11193,236,17,0.5931
12831,240,23,0.9075
12832,240,23,0.3387
12833,240,23,0.8571
12834,240,23,0.4171
12835,240,23,0.8860
12836,240,23,0.9900
12837,240,23,0.9751
12838,240,23,0.9922
12839,240,23,0.9923
12840,240,23,0.9983
13160,241,23,0.9331
13161,241,23,0.7184
13162,241,23,0.9169
13163,241,23,0.0733
13164,241,23,0.7379
13165,241,23,0.9960
13166,241,23,0.9991
13167,241,23,0.9994
13168,241,23,0.9989
13169,241,23,0.9972
13773,242,23,0.4033
13774,242,23,0.6297
13775,242,23,0.5707
13776,242,23,0.6555
13777,242,23,0.6910
11194,236,17,0.6832
11195,236,17,0.5089
12841,240,23,0.4286
12842,240,23,0.7639
12843,240,23,0.4320
12844,240,23,0.9594
12845,240,23,0.9720
12846,240,23,0.9301
12847,240,23,0.9796
12848,240,23,0.9268
12849,240,23,0.9806
12850,240,23,0.9451
13170,241,23,0.4567
13171,241,23,0.9428
13172,241,23,0.8422
13173,241,23,0.9109
13174,241,23,0.8797
13175,241,23,0.4686
13176,241,23,0.1750
13177,241,23,0.9904
13178,241,23,0.1481
13179,241,23,0.1121
13778,242,23,0.5291
13779,242,23,0.3325
13780,242,23,0.9580
13781,242,23,0.9414
13782,242,23,0.7883
13783,242,23,0.9695
13784,242,23,0.8234
13785,242,23,0.4320
13786,242,23,0.9299
13787,242,23,0.8119
11196,236,17,0.0377
11197,236,17,0.5045
12851,240,23,0.1872
12852,240,23,0.0360
12853,240,23,0.8152
12854,240,23,0.9215
12855,240,23,0.8945
12856,240,23,0.9548
12857,240,23,0.9535
12858,240,23,0.9897
12859,240,23,0.7861
12860,240,23,0.9717
13180,241,23,0.5282
13181,241,23,0.1622
13182,241,23,0.9595
13183,241,23,0.9848
13184,241,23,0.9947
13185,241,23,0.9989
13186,241,23,0.9992
13187,241,23,0.9925
13188,241,23,0.9989
13189,241,23,0.9979
13788,242,23,0.8182
13789,242,23,0.2828
13790,242,23,0.9366
13791,242,23,0.7855
13792,242,23,0.6784
13793,242,23,0.7769
13794,242,23,0.4065
13795,242,23,0.9515
13796,242,23,0.2887
13797,242,23,0.6615
11198,236,17,0.1290
11199,236,17,0.2761
12861,240,23,0.2256
12862,240,23,0.8485
12863,240,23,0.7502
12864,240,23,0.9415
12865,240,23,0.9549
12866,240,23,0.9847
12867,240,23,0.3045
12868,240,23,0.2525
12869,240,23,0.9771
12870,240,23,0.9646
13190,241,23,0.8353
13191,241,23,0.6842
13192,241,23,0.5672
13193,241,23,0.6732
13194,241,23,0.9859
13195,241,23,0.9980
13196,241,23,0.9985
13197,241,23,0.9980
13198,241,23,0.9983
13199,241,23,0.9993
13798,242,23,0.6464
13799,242,23,0.0288
13800,242,23,0.9869
13801,242,23,0.5110
13802,242,23,0.9557
13803,242,23,0.9881
13804,242,23,0.4538
11200,236,17,0.8332
11201,236,17,0.3522
11202,236,17,0.9777
11203,236,17,0.8941
11204,236,17,0.8775
11205,236,17,0.0259
11206,236,17,0.6735
11207,236,17,0.2792
12871,240,107,0.9934
12872,240,107,0.9933
12873,240,107,0.7632
12874,240,107,0.9797
12875,240,107,0.9835
12876,240,107,0.2304
12877,240,107,0.9864
12878,240,107,0.9764
12879,240,107,0.9880
13200,241,23,0.6333
13201,241,23,0.4518
13202,241,23,0.8949
13203,241,23,0.9862
13204,241,23,0.9978
13205,241,23,0.9967
13206,241,23,0.9990
13207,241,23,0.9901
13208,241,23,0.9934
13209,241,23,0.9983
13805,242,23,0.8725
13806,242,23,0.1693
13807,242,23,0.5415
13808,242,23,0.8424
13809,242,23,0.9562
13810,242,23,0.8996
11208,236,17,0.9250
11209,236,17,0.8986
11210,236,17,0.9677
11211,236,17,0.3816
11212,236,17,0.8410
11213,236,17,0.2398
11214,236,17,0.1882
12880,240,43,0.9310
12881,240,43,0.9618
12882,240,43,0.8482
12883,240,43,0.9660
12884,240,43,0.9726
12885,240,43,0.9311
12886,240,43,0.2961
12887,240,43,0.2739
12888,240,43,0.7073
12889,240,43,0.9207
13210,241,23,0.3451
13211,241,23,0.8760
13212,241,23,0.5265
13213,241,23,0.2510
13214,241,23,0.2531
13215,241,23,0.9415
13216,241,23,0.8002
13217,241,23,0.9053
13218,241,23,0.9519
13219,241,23,0.9727
13811,242,23,0.9260
13812,242,23,0.9200
13813,242,23,0.2774
13814,242,23,0.8640
13815,242,23,0.9605
13816,242,23,0.6881
13817,242,23,0.5184
11215,236,17,0.8245
11216,236,17,0.4078
12890,240,43,0.7490
12891,240,43,0.8919
12892,240,43,0.8860
12893,240,43,0.9623
12894,240,43,0.4955
12895,240,43,0.8916
12896,240,43,0.5918
12897,240,43,0.6695
12898,240,43,0.8832
12899,240,43,0.1078
13220,241,23,0.4401
13221,241,23,0.9623
13222,241,23,0.9729
13223,241,23,0.0131
13224,241,23,0.8644
13225,241,23,0.9729
13226,241,23,0.9538
13227,241,23,0.9942
13228,241,23,0.9983
13229,241,23,0.9973
13818,242,23,0.6341
13819,242,23,0.7234
13820,242,23,0.4771
13821,242,23,0.1748
13822,242,23,0.9265
13823,242,23,0.9985
13824,242,23,0.9862
13825,242,23,0.9994
13826,242,23,0.9991
13827,242,23,0.9978
11217,236,17,0.6738
11218,236,17,0.4356
12900,240,43,0.5269
12901,240,43,0.6908
12902,240,43,0.9514
12903,240,43,0.8030
12904,240,43,0.9908
12905,240,43,0.9646
12906,240,43,0.9927
12907,240,43,0.2907
12908,240,43,0.9639
12909,240,43,0.9886
13230,241,23,0.4042
13231,241,23,0.7479
13232,241,23,0.9875
13233,241,23,0.9959
13234,241,23,0.9989
13235,241,23,0.9992
13236,241,23,0.9949
13237,241,23,0.9969
13238,241,23,0.9984
13239,241,23,0.9962
13828,242,23,0.9303
13829,242,23,0.8816
13830,242,23,0.4576
13831,242,23,0.0218
13832,242,23,0.7805
13833,242,23,0.9924
13834,242,23,0.9988
13835,242,23,0.9994
13836,242,23,0.9944
13837,242,23,0.9978
11219,236,17,0.9308
11220,236,17,0.9766
11221,236,17,0.8491
11222,236,17,0.7555
11223,236,17,0.9823
11224,236,17,0.9423
11225,236,17,0.1012
11226,236,17,0.9822
11227,236,17,0.9683
11228,236,17,0.0485
12910,240,17,0.8790
12911,240,17,0.6728
12912,240,17,0.8366
12913,240,17,0.6025
12914,240,17,0.9581
12915,240,17,0.3960
12916,240,17,0.5296
12917,240,17,0.1491
12918,240,17,0.8308
12919,240,17,0.4570
13240,241,23,0.7225
13241,241,23,0.4846
13242,241,23,0.5171
13243,241,23,0.9668
13244,241,23,0.9829
13245,241,23,0.9861
13246,241,23,0.9536
13247,241,23,0.9849
13248,241,23,0.9953
13249,241,23,0.9924
13838,242,23,0.9038
13839,242,23,0.6925
13840,242,23,0.4221
13841,242,23,0.9922
13842,242,23,0.9946
13843,242,23,0.9967
13844,242,23,0.9980
13845,242,23,0.9990
13846,242,23,0.9992
13847,242,23,0.9937
11229,236,93,0.2110
11230,236,93,0.5209
12920,240,17,0.4186
12921,240,17,0.4103
12922,240,17,0.7695
12923,240,17,0.9347
12924,240,17,0.9700
12925,240,17,0.9798
12926,240,17,0.9914
12927,240,17,0.9989
12928,240,17,0.9984
12929,240,17,0.9557
13250,241,23,0.7678
13251,241,23,0.8943
13252,241,23,0.7089
13253,241,23,0.9682
13254,241,23,0.9968
13255,241,23,0.9985
13256,241,23,0.9989
13257,241,23,0.9989
13258,241,23,0.9990
13259,241,23,0.9992
13848,242,23,0.4640
11231,236,93,0.4544
11232,236,93,0.9394
11233,236,93,0.8701
11234,236,93,0.9859
11235,236,93,0.0741
11236,236,93,0.5828
12930,240,17,0.8882
12931,240,17,0.4503
12932,240,17,0.0218
12933,240,17,0.4306
12934,240,17,0.9891
12935,240,17,0.9978
12936,240,17,0.9985
12937,240,17,0.9960
12938,240,17,0.9971
12939,240,17,0.9945
13260,241,23,0.1672
13261,241,23,0.0807
13262,241,23,0.8885
13263,241,23,0.0104
13264,241,23,0.2979
13265,241,23,0.3045
13266,241,23,0.9500
13267,241,23,0.9879
13268,241,23,0.9890
13269,241,23,0.9940
13849,242,23,0.8121
13850,242,23,0.5767
13851,242,23,0.1381
13852,242,23,0.1663
13853,242,23,0.8111
13854,242,23,0.7764
13855,242,23,0.9342
13856,242,23,0.9987
13857,242,23,0.9996
13858,242,23,0.9988
11237,236,93,0.8870
11238,236,93,0.5323
11239,236,93,0.1966
11240,236,93,0.9392
11241,236,93,0.9857
11242,236,93,0.9093
11243,236,93,0.9907
11244,236,93,0.0152
11245,236,93,0.8853
11246,236,93,0.9701
12940,240,17,0.5571
12941,240,17,0.5557
12942,240,17,0.4444
12943,240,17,0.9119
12944,240,17,0.9939
12945,240,17,0.9933
12946,240,17,0.9940
12947,240,17,0.9964
12948,240,17,0.9982
12949,240,17,0.9971
13270,241,23,0.2622
13271,241,23,0.8378
13272,241,23,0.9836
13273,241,23,0.6147
13274,241,23,0.9504
13275,241,23,0.9969
13276,241,23,0.9984
13277,241,23,0.9988
13278,241,23,0.9983
13279,241,23,0.9988
13859,242,23,0.0882
13860,242,23,0.8784
13861,242,23,0.8323
13862,242,23,0.8713
13863,242,23,0.9149
13864,242,23,0.9254
13865,242,23,0.9851
13866,242,23,0.9963
13867,242,23,0.9980
13868,242,23,0.9962
11247,236,93,0.2077
11248,236,93,0.8841
12950,240,17,0.3873
12951,240,17,0.3018
12952,240,17,0.7471
12953,240,17,0.4502
12954,240,17,0.9796
12955,240,17,0.9880
12956,240,17,0.9893
12957,240,17,0.9961
12958,240,17,0.9892
12959,240,17,0.9876
13280,241,23,0.8582
13281,241,23,0.9811
13282,241,23,0.5174
13283,241,23,0.4420
13284,241,23,0.5694
13285,241,23,0.9580
13286,241,23,0.9969
13287,241,23,0.9989
13288,241,23,0.9989
13289,241,23,0.9992
13869,242,23,0.3421
13870,242,23,0.8906
13871,242,23,0.8014
13872,242,23,0.8749
13873,242,23,0.9929
13874,242,23,0.9749
13875,242,23,0.0561
13876,242,23,0.1902
13877,242,23,0.3963
13878,242,23,0.9291
11249,236,93,0.7245
11250,236,93,0.8534
12960,240,17,0.4574
12961,240,17,0.9011
12962,240,17,0.9794
12963,240,17,0.6020
12964,240,17,0.1042
12965,240,17,0.4162
12966,240,17,0.9712
12967,240,17,0.9921
12968,240,17,0.9990
12969,240,17,0.9962
13290,241,23,0.1360
13291,241,23,0.9666
13292,241,23,0.9875
13293,241,23,0.9315
13294,241,23,0.9611
13295,241,23,0.0891
13296,241,23,0.9727
13297,241,23,0.9915
13298,241,23,0.9956
13299,241,23,0.9943
13879,242,23,0.5255
13880,242,23,0.3046
13881,242,23,0.1346
13882,242,23,0.8677
13883,242,23,0.9874
13884,242,23,0.9871
13885,242,23,0.9940
13886,242,23,0.9929
13887,242,23,0.9917
13888,242,23,0.9940
11251,236,17,0.7934
12970,240,17,0.8669
12971,240,17,0.9968
12972,240,17,0.2444
12973,240,17,0.3047
12974,240,17,0.6137
12975,240,17,0.0714
12976,240,17,0.5602
12977,240,17,0.9021
12978,240,17,0.9641
12979,240,17,0.9956
13300,241,23,0.5699
13301,241,23,0.9644
13302,241,23,0.0685
13303,241,23,0.3139
13304,241,23,0.8233
13305,241,23,0.8408
13306,241,23,0.8763
13307,241,23,0.9453
13308,241,23,0.9868
13309,241,23,0.9918
13889,242,23,0.3941
13890,242,23,0.9449
13891,242,23,0.9548
13892,242,23,0.8587
13893,242,23,0.9692
13894,242,23,0.9897
13895,242,23,0.9478
13896,242,23,0.9799
13897,242,23,0.5813
13898,242,23,0.8559
11252,236,93,0.9546
11253,236,93,0.9842
11254,236,93,0.5189
11255,236,93,0.6673
11256,236,93,0.6923
11257,236,93,0.9268
11258,236,93,0.0361
12980,240,17,0.9446
12981,240,17,0.8392
12982,240,17,0.9716
12983,240,17,0.9706
12984,240,17,0.8041
12985,240,17,0.9509
12986,240,17,0.8644
12987,240,17,0.6381
12988,240,17,0.8083
12989,240,17,0.9938
13310,241,23,0.7815
13311,241,23,0.1520
13312,241,23,0.0650
13313,241,23,0.8279
13314,241,23,0.2357
13315,241,23,0.6828
13316,241,23,0.2826
13317,241,23,0.5645
13318,241,23,0.8298
13319,241,23,0.9033
13899,242,23,0.7601
13900,242,23,0.5178
13901,242,23,0.9598
13902,242,23,0.9921
13903,242,23,0.9843
13904,242,23,0.9511
13905,242,23,0.9603
13906,242,23,0.7577
13907,242,23,0.0692
13908,242,23,0.9807
11259,236,93,0.6950
11260,236,93,0.6748
11261,236,93,0.4475
11262,236,93,0.9122
11263,236,93,0.1879
11264,236,93,0.2906
11265,236,93,0.0852
12990,240,17,0.4855
12991,240,17,0.7293
12992,240,17,0.0236
12993,240,17,0.7393
12994,240,17,0.3243
12995,240,17,0.4895
12996,240,17,0.9122
12997,240,17,0.9916
12998,240,17,0.9952
12999,240,17,0.9968
13320,241,23,0.4662
13321,241,23,0.5168
13322,241,23,0.5924
13323,241,23,0.9550
13324,241,23,0.9866
13325,241,23,0.9945
13326,241,23,0.9982
13327,241,23,0.9973
13328,241,23,0.9961
13329,241,23,0.9990
13909,242,23,0.8275
13910,242,23,0.8750
13911,242,23,0.4065
13912,242,23,0.7932
13913,242,23,0.8034
13914,242,23,0.9885
13915,242,23,0.9953
13916,242,23,0.9980
13917,242,23,0.9928
13918,242,23,0.9984
11266,236,43,0.3800
13000,240,17,0.8801
13001,240,17,0.5192
13002,240,17,0.5528
13003,240,17,0.8811
13004,240,17,0.9925
13005,240,17,0.9980
13006,240,17,0.9994
13007,240,17,0.9991
13008,240,17,0.9778
13009,240,17,0.9981
13330,241,23,0.1501
13331,241,23,0.6640
13332,241,23,0.8178
13333,241,23,0.9542
13334,241,23,0.9289
13335,241,23,0.9894
13336,241,23,0.9971
13337,241,23,0.9978
13338,241,23,0.9989
13339,241,23,0.9989
13919,242,23,0.1303
13920,242,23,0.4751
13921,242,23,0.9114
13922,242,23,0.9928
13923,242,23,0.9916
13924,242,23,0.9466
13925,242,23,0.9919
13926,242,23,0.9981
13927,242,23,0.9992
13928,242,23,0.9993
11267,236,93,0.9602
11268,236,93,0.8632
11269,236,93,0.7032
11270,236,93,0.9817
11271,236,93,0.9732
11272,236,93,0.9896
11273,236,93,0.9883
11274,236,93,0.9921
11275,236,93,0.0108
13010,240,17,0.5686
13011,240,17,0.9807
13012,240,17,0.9946
13013,240,17,0.9844
13014,240,17,0.9943
13015,240,17,0.9446
13016,240,17,0.5781
13017,240,17,0.9440
13018,240,17,0.9955
13019,240,17,0.9814
13340,241,23,0.1441
13341,241,23,0.5552
13342,241,23,0.5512
13343,241,23,0.7933
13344,241,23,0.7915
13345,241,23,0.9286
13346,241,23,0.9691
13347,241,23,0.9918
13348,241,23,0.9964
13349,241,23,0.9950
13929,242,23,0.8111
13930,242,23,0.6904
13931,242,23,0.9242
13932,242,23,0.9423
13933,242,23,0.1933
13934,242,23,0.9761
13935,242,23,0.9958
13936,242,23,0.9851
13937,242,23,0.9956
13938,242,23,0.9973
13020,240,17,0.2583
13021,240,17,0.9235
13022,240,17,0.9910
13023,240,17,0.9909
13024,240,17,0.9974
13025,240,17,0.9974
13026,240,17,0.9954
13027,240,17,0.9989
13028,240,17,0.9994
13029,240,17,0.9992
13350,241,23,0.8460
13351,241,23,0.4087
13352,241,23,0.2290
13353,241,23,0.5251
13354,241,23,0.8380
13355,241,23,0.9659
13356,241,23,0.9919
13357,241,23,0.9620
13358,241,23,0.9758
13359,241,23,0.9946
13939,242,23,0.2433
13940,242,23,0.6257
14454,243,132,0.8651
14455,243,132,0.8056
14456,243,132,0.7091
14457,243,132,0.9485
14458,243,132,0.0046
14459,243,132,0.6187
14460,243,132,0.3701
14461,243,132,0.8594
14462,243,132,0.5474
14463,243,132,0.9811
13030,240,17,0.2016
13031,240,17,0.1863
13032,240,17,0.8690
13033,240,17,0.1597
13034,240,17,0.3230
13035,240,17,0.9252
13036,240,17,0.8215
13037,240,17,0.8418
13038,240,17,0.9216
13039,240,17,0.2798
13360,241,23,0.6210
13361,241,23,0.1847
13362,241,23,0.5695
13363,241,23,0.5109
13364,241,23,0.7874
13365,241,23,0.9447
13366,241,23,0.9068
13367,241,23,0.9707
13368,241,23,0.9957
13369,241,23,0.9974
13941,242,23,0.4347
13942,242,23,0.3763
13943,242,23,0.9271
13944,242,23,0.7069
13945,242,23,0.8022
13946,242,23,0.9159
13947,242,23,0.9682
13948,242,23,0.9296
13949,242,23,0.9859
13950,242,23,0.9970
14464,243,132,0.4418
13040,240,17,0.6503
13041,240,17,0.9334
13042,240,17,0.4558
13043,240,17,0.6723
13044,240,17,0.8005
13045,240,17,0.7871
13046,240,17,0.9867
13047,240,17,0.5092
13048,240,17,0.9767
13049,240,17,0.9950
13370,241,23,0.8185
13371,241,23,0.3864
13372,241,23,0.3986
13373,241,23,0.5232
13374,241,23,0.9574
13375,241,23,0.9824
13376,241,23,0.9963
13377,241,23,0.9986
13378,241,23,0.9984
13379,241,23,0.9984
13951,242,23,0.9245
13952,242,23,0.7991
13953,242,23,0.9931
13954,242,23,0.5592
13955,242,23,0.9810
13956,242,23,0.9820
13957,242,23,0.6282
13958,242,23,0.5301
13959,242,23,0.9643
13960,242,23,0.9988
14465,243,132,0.3418
14466,243,132,0.9263
14467,243,132,0.9225
14468,243,132,0.0924
13050,240,17,0.1453
13051,240,17,0.5677
13052,240,17,0.2831
13053,240,17,0.0900
13054,240,17,0.9069
13055,240,17,0.8748
13056,240,17,0.9651
13057,240,17,0.8410
13058,240,17,0.9859
13059,240,17,0.8844
13380,241,23,0.7866
13381,241,23,0.5166
13382,241,23,0.5021
13383,241,23,0.9170
13384,241,23,0.9921
13385,241,23,0.9954
13386,241,23,0.9981
13387,241,23,0.9983
13388,241,23,0.9928
13389,241,23,0.9984
13961,242,23,0.5082
13962,242,23,0.0267
13963,242,23,0.2357
13964,242,23,0.8661
13965,242,23,0.9774
13966,242,23,0.9970
13967,242,23,0.9971
13968,242,23,0.9682
13969,242,23,0.9942
13970,242,23,0.9955
14469,243,132,0.9652
14470,243,132,0.9699
14471,243,132,0.0119
14472,243,132,0.9703
14473,243,132,0.9231
14474,243,132,0.0992
14475,243,132,0.8746
14476,243,132,0.9369
14477,243,132,0.0640
14478,243,132,0.8980
13060,240,17,0.5685
13061,240,17,0.6809
13062,240,17,0.6101
13063,240,17,0.9530
13064,240,17,0.9716
13065,240,17,0.8725
13066,240,17,0.2008
13067,240,17,0.9842
13068,240,17,0.9940
13390,241,23,0.2825
13391,241,23,0.1423
13392,241,23,0.8135
13393,241,23,0.7903
13394,241,23,0.9888
13395,241,23,0.9969
13396,241,23,0.9988
13397,241,23,0.9989
13398,241,23,0.9976
13399,241,23,0.9984
13971,242,23,0.2453
13972,242,23,0.0866
13973,242,23,0.6676
14479,243,132,0.9825
14480,243,132,0.9943
14481,243,132,0.9867
14482,243,132,0.9852
14483,243,132,0.1593
14484,243,132,0.9450
14485,243,132,0.8881
13069,240,93,0.7148
13070,240,93,0.5681
13071,240,93,0.8089
13072,240,93,0.7100
13073,240,93,0.9741
13074,240,93,0.0717
13075,240,93,0.9985
13076,240,93,0.9833
13077,240,93,0.9992
13078,240,93,0.9955
13400,241,23,0.9334
13401,241,23,0.6642
13402,241,23,0.9083
13403,241,23,0.9651
13404,241,23,0.9824
13405,241,23,0.9807
13406,241,23,0.9913
13407,241,23,0.9969
13408,241,23,0.9986
13409,241,23,0.9987
13974,242,23,0.5391
14486,243,132,0.9544
14487,243,132,0.9947
14488,243,132,0.9278
14489,243,132,0.9377
14490,243,132,0.7395
14491,243,132,0.9820
13079,240,93,0.2560
13080,240,93,0.0541
13081,240,93,0.8952
13082,240,93,0.9321
13083,240,93,0.9989
13084,240,93,0.9984
13085,240,93,0.9967
13086,240,93,0.9969
13087,240,93,0.9975
13088,240,93,0.9959
13410,241,23,0.6848
13411,241,23,0.0879
13412,241,23,0.4995
13413,241,23,0.5786
13414,241,23,0.7167
13415,241,23,0.9418
13416,241,23,0.9878
13417,241,23,0.9859
13418,241,23,0.9968
13419,241,23,0.9903
13975,242,23,0.1784
13976,242,23,0.9699
13977,242,23,0.8734
13978,242,23,0.9762
13979,242,23,0.9624
13980,242,23,0.5349
13981,242,23,0.1129
13982,242,23,0.6397
13983,242,23,0.9989
13984,242,23,0.9996
14492,243,132,0.3757
14493,243,132,0.7624
13089,240,93,0.9698
13090,240,93,0.9302
13091,240,93,0.8239
13092,240,93,0.7752
13093,240,93,0.9069
13094,240,93,0.9292
13095,240,93,0.8223
13096,240,93,0.3757
13097,240,93,0.9763
13098,240,93,0.9539
13420,241,23,0.3950
13421,241,23,0.8344
13422,241,23,0.7662
13423,241,23,0.9486
13424,241,23,0.9808
13425,241,23,0.9926
13426,241,23,0.9941
13427,241,23,0.9978
13428,241,23,0.9979
13429,241,23,0.9989
13985,242,23,0.0523
13986,242,23,0.7047
13987,242,23,0.5036
13988,242,23,0.0905
13989,242,23,0.9115
13990,242,23,0.5139
13991,242,23,0.9216
13992,242,23,0.8266
13993,242,23,0.4639
13994,242,23,0.9172
14494,243,132,0.9683
14495,243,132,0.9868
14496,243,132,0.9369
14497,243,132,0.9860
14498,243,132,0.9940
14499,243,132,0.9896
14500,243,132,0.7428
14501,243,132,0.6879
13099,240,132,0.4420
13430,241,23,0.9172
13431,241,23,0.3622
13432,241,23,0.6460
13433,241,23,0.9564
13434,241,23,0.9944
13435,241,23,0.9849
13436,241,23,0.9958
13437,241,23,0.9977
13438,241,23,0.9978
13439,241,23,0.9974
13995,242,23,0.6511
13996,242,23,0.2323
13997,242,23,0.7839
13998,242,23,0.9467
13999,242,23,0.9504
14000,242,23,0.9023
14001,242,23,0.9350
14002,242,23,0.9874
14003,242,23,0.9323
14004,242,23,0.9774
14502,243,132,0.9684
14503,243,132,0.9281
14504,243,132,0.4739
14505,243,132,0.9842
14506,243,132,0.0547
14507,243,132,0.0472
13440,241,23,0.7282
13441,241,23,0.7718
13442,241,23,0.6060
13443,241,23,0.9224
13444,241,23,0.9569
13445,241,23,0.9954
13446,241,23,0.9979
13447,241,23,0.9979
13448,241,23,0.9981
13449,241,23,0.9935
14005,242,23,0.5023
14006,242,23,0.7683
14007,242,23,0.0452
14008,242,23,0.9736
14009,242,23,0.9773
14010,242,23,0.3234
14011,242,23,0.9160
14012,242,23,0.9552
14013,242,23,0.9806
14014,242,23,0.7548
14508,243,132,0.8998
14509,243,132,0.2545
14510,243,132,0.2251
14688,244,132,0.6455
14689,244,132,0.9405
14690,244,132,0.4821
14691,244,132,0.9784
14692,244,132,0.9681
14693,244,132,0.5118
14694,244,132,0.1894
14695,244,132,0.2184
14696,244,132,0.8025
14697,244,132,0.8728
13450,241,23,0.3347
13451,241,23,0.1482
13452,241,23,0.7149
13453,241,23,0.9617
13454,241,23,0.8537
13455,241,23,0.8235
13456,241,23,0.8327
13457,241,23,0.9327
13458,241,23,0.9931
13459,241,23,0.9967
14015,242,23,0.9368
14016,242,23,0.0623
14017,242,23,0.7551
14018,242,23,0.9224
14019,242,23,0.9433
14020,242,23,0.9865
14021,242,23,0.9578
14022,242,23,0.0247
14023,242,23,0.2171
14024,242,23,0.7575
14511,243,132,0.9597
14512,243,132,0.6897
14513,243,132,0.9619
14514,243,132,0.9942
14515,243,132,0.9953
14516,243,132,0.9540
14517,243,132,0.1400
14698,244,132,0.2695
13460,241,23,0.5263
13461,241,23,0.1736
13462,241,23,0.8949
13463,241,23,0.9247
13464,241,23,0.9230
13465,241,23,0.9836
13466,241,23,0.9852
13467,241,23,0.9892
13468,241,23,0.9911
13469,241,23,0.9956
14025,242,23,0.4883
14026,242,23,0.5058
14027,242,23,0.9497
14028,242,23,0.9971
14029,242,23,0.9966
14030,242,23,0.9987
14031,242,23,0.9963
14032,242,23,0.9974
14033,242,23,0.9971
14034,242,23,0.9949
14518,243,132,0.8723
14519,243,132,0.7534
14520,243,132,0.6567
14521,243,132,0.9849
14522,243,132,0.9924
14523,243,132,0.9926
14524,243,132,0.9924
14525,243,132,0.9799
14526,243,132,0.9936
14527,243,132,0.9923
14699,244,132,0.8518
14700,244,132,0.9235
14701,244,132,0.8477
13470,241,23,0.5119
13471,241,23,0.5517
13472,241,23,0.6781
13473,241,23,0.8337
13474,241,23,0.9834
13475,241,23,0.9961
13476,241,23,0.9538
13477,241,23,0.9882
13478,241,23,0.9936
13479,241,23,0.9962
14035,242,23,0.7904
14036,242,23,0.9766
14037,242,23,0.9813
14038,242,23,0.6462
14039,242,23,0.3349
14040,242,23,0.2478
14041,242,23,0.9145
14042,242,23,0.9677
14043,242,23,0.9275
14044,242,23,0.9780
14528,243,23,0.9865
14529,243,23,0.4574
14530,243,23,0.2831
14531,243,23,0.9408
14702,244,132,0.0179
14703,244,132,0.9784
13480,241,23,0.1903
13481,241,23,0.8431
13482,241,23,0.9897
13483,241,23,0.9939
13484,241,23,0.9981
13485,241,23,0.9985
13486,241,23,0.9986
13487,241,23,0.9990
13488,241,23,0.9987
13489,241,23,0.9978
14045,242,23,0.9212
14046,242,23,0.8853
14047,242,23,0.4941
14048,242,23,0.9663
14049,242,23,0.7650
14050,242,23,0.8091
14051,242,23,0.9901
14052,242,23,0.9958
14053,242,23,0.9956
14054,242,23,0.9983
14532,243,23,0.9374
14533,243,23,0.5802
14534,243,23,0.9543
14535,243,23,0.9911
14536,243,23,0.1773
14537,243,23,0.3905
14538,243,23,0.4876
14539,243,23,0.4841
14540,243,23,0.5285
14541,243,23,0.8475
14704,244,132,0.9688
14705,244,132,0.8356
14706,244,132,0.0190
14707,244,132,0.9481
13490,241,23,0.6213
13491,241,23,0.7620
13492,241,23,0.9767
13493,241,23,0.8198
13494,241,23,0.4255
13495,241,23,0.9709
13496,241,23,0.9961
13497,241,23,0.9929
13498,241,23,0.9976
13499,241,23,0.9990
14055,242,23,0.0768
14056,242,23,0.3194
14057,242,23,0.9509
14058,242,23,0.8872
14059,242,23,0.9703
14060,242,23,0.9775
14061,242,23,0.9857
14062,242,23,0.9929
14063,242,23,0.9945
14064,242,23,0.9982
14542,243,23,0.8794
14543,243,23,0.8294
14708,244,132,0.8313
14709,244,132,0.5597
14710,244,132,0.1651
13500,241,23,0.7532
13501,241,23,0.7494
13502,241,23,0.5999
13503,241,23,0.9421
13504,241,23,0.9487
13505,241,23,0.9965
13506,241,23,0.9991
13507,241,23,0.9994
13508,241,23,0.9988
13509,241,23,0.9993
14065,242,23,0.8833
14066,242,23,0.5627
14067,242,23,0.0561
14068,242,23,0.9676
14069,242,23,0.7674
14070,242,23,0.9747
14071,242,23,0.9221
14072,242,23,0.9199
14073,242,23,0.5517
14074,242,23,0.8342
14544,243,23,0.9014
14545,243,23,0.5108
14711,244,132,0.8100
14712,244,132,0.8900
14713,244,132,0.9707
14714,244,132,0.9905
14715,244,132,0.9913
14716,244,132,0.0100
14717,244,132,0.0213
14718,244,132,0.0533
13510,241,23,0.4685
13511,241,23,0.9311
13512,241,23,0.6487
13513,241,23,0.2636
13514,241,23,0.9329
13515,241,23,0.9587
13516,241,23,0.9926
13517,241,23,0.9963
13518,241,23,0.9868
13519,241,23,0.9914
14075,242,23,0.7662
14076,242,23,0.5138
14077,242,23,0.7758
14078,242,23,0.9265
14079,242,23,0.6778
14080,242,23,0.8887
14081,242,23,0.9842
14082,242,23,0.9896
14083,242,23,0.9974
14084,242,23,0.9976
14546,243,23,0.9750
14547,243,23,0.9785
14548,243,23,0.6053
14549,243,23,0.8238
14550,243,23,0.1732
14551,243,23,0.9858
14552,243,23,0.9866
14553,243,23,0.0162
14554,243,23,0.1634
14719,244,132,0.0324
14720,244,132,0.8907
13520,241,23,0.9349
13521,241,23,0.9950
13522,241,23,0.0360
13523,241,23,0.6623
13524,241,23,0.4979
13525,241,23,0.9696
13526,241,23,0.9903
13527,241,23,0.9960
13528,241,23,0.9933
13529,241,23,0.9946
14085,242,23,0.2316
14086,242,23,0.8224
14087,242,23,0.8311
14088,242,23,0.7258
14089,242,23,0.7788
14090,242,23,0.2926
14091,242,23,0.6216
14092,242,23,0.4106
14093,242,23,0.4271
14094,242,23,0.9959
14555,243,23,0.5837
14556,243,23,0.4762
14721,244,132,0.0332
13530,241,23,0.5700
13531,241,23,0.7488
13532,241,23,0.2770
13533,241,23,0.9836
13534,241,23,0.9957
13535,241,23,0.9907
13536,241,23,0.9928
13537,241,23,0.9991
13538,241,23,0.9987
13539,241,23,0.9983
14095,242,23,0.5379
14096,242,23,0.5004
14097,242,23,0.3000
14098,242,23,0.9781
14099,242,23,0.9962
14100,242,23,0.9967
14101,242,23,0.9973
14102,242,23,0.9987
14103,242,23,0.9974
14104,242,23,0.9991
14557,243,23,0.8329
14558,243,23,0.5384
14559,243,23,0.8193
14560,243,23,0.0719
14561,243,23,0.8410
14562,243,23,0.5218
14563,243,23,0.8935
14564,243,23,0.6933
14565,243,23,0.3181
14566,243,23,0.9628
14722,244,132,0.5526
14723,244,132,0.9125
13540,241,23,0.9268
13541,241,23,0.7883
13542,241,23,0.4282
13543,241,23,0.8127
13544,241,23,0.9778
13545,241,23,0.9767
13546,241,23,0.9810
13547,241,23,0.9933
13548,241,23,0.9979
13549,241,23,0.2896
14105,242,23,0.8692
14106,242,23,0.7946
14107,242,23,0.0861
14108,242,23,0.6917
14109,242,23,0.1159
14110,242,23,0.9283
14111,242,23,0.9628
14112,242,23,0.9962
14113,242,23,0.9829
14114,242,23,0.9974
14567,243,23,0.6119
14568,243,23,0.9690
14569,243,23,0.6247
14570,243,23,0.3191
14571,243,23,0.9510
14572,243,23,0.9870
14573,243,23,0.9849
14574,243,23,0.9852
14575,243,23,0.8284
14724,244,132,0.0464
14725,244,132,0.8302
14726,244,132,0.9688
13550,241,23,0.4188
13551,241,23,0.7291
13552,241,23,0.9309
13553,241,23,0.9918
13554,241,23,0.9977
13555,241,23,0.9946
13556,241,23,0.9983
13557,241,23,0.9975
13558,241,23,0.9888
13559,241,23,0.9981
14115,242,23,0.7045
14116,242,23,0.9707
14117,242,23,0.2499
14118,242,23,0.9064
14119,242,23,0.8889
14120,242,23,0.9714
14121,242,23,0.9945
14122,242,23,0.9978
14123,242,23,0.9978
14124,242,23,0.9992
14576,243,107,0.9057
14577,243,107,0.9356
14578,243,107,0.9408
14579,243,107,0.9104
14580,243,107,0.9928
14581,243,107,0.9920
14582,243,107,0.9875
14583,243,107,0.9323
14584,243,107,0.9743
14727,244,132,0.7264
14728,244,132,0.9791
14729,244,132,0.9843
14730,244,132,0.9945
14731,244,132,0.3363
14732,244,132,0.9410
13560,241,23,0.4610
13561,241,23,0.7845
13562,241,23,0.0499
13563,241,23,0.9785
13564,241,23,0.9920
13565,241,23,0.9958
13566,241,23,0.9963
13567,241,23,0.9973
13568,241,23,0.9987
13569,241,23,0.9990
14125,242,23,0.8854
14126,242,23,0.9695
14127,242,23,0.9771
14128,242,23,0.6906
14129,242,23,0.8769
14130,242,23,0.6382
14131,242,23,0.5982
14132,242,23,0.9863
14133,242,23,0.9956
14134,242,23,0.9884
14585,243,43,0.9713
14586,243,43,0.5838
14587,243,43,0.8751
14588,243,43,0.9630
14589,243,43,0.9708
14590,243,43,0.9434
14591,243,43,0.9721
14592,243,43,0.8312
14593,243,43,0.9336
14733,244,132,0.9614
14734,244,132,0.9509
14735,244,132,0.7371
14736,244,132,0.6491
13570,241,23,0.8191
13571,241,23,0.5373
13572,241,23,0.5219
13573,241,23,0.9876
13574,241,23,0.9994
13575,241,23,0.9990
13576,241,23,0.9985
13577,241,23,0.9976
13578,241,23,0.9987
13579,241,23,0.9817
14135,242,23,0.4819
14136,242,23,0.6720
14137,242,23,0.5370
14138,242,23,0.9645
14139,242,23,0.9697
14140,242,23,0.9959
14141,242,23,0.9964
14142,242,23,0.9893
14143,242,23,0.9732
14144,242,23,0.9964
14594,243,17,0.9590
14595,243,17,0.6764
14596,243,17,0.9756
14597,243,17,0.8928
14598,243,17,0.9709
14599,243,17,0.9534
14600,243,17,0.6676
14601,243,17,0.8063
14602,243,17,0.9618
14603,243,17,0.4219
14737,244,132,0.9812
14738,244,132,0.2483
14739,244,132,0.1476
13580,241,23,0.8665
13581,241,23,0.0246
13582,241,23,0.2535
13583,241,23,0.2191
13584,241,23,0.8366
13585,241,23,0.5357
13586,241,23,0.9902
13587,241,23,0.9949
13588,241,23,0.9977
13589,241,23,0.9945
14145,242,23,0.2095
14146,242,23,0.3802
14147,242,23,0.0904
14148,242,23,0.9911
14149,242,23,0.9746
14150,242,23,0.4913
14151,242,23,0.1494
14152,242,23,0.1656
14153,242,23,0.9626
14154,242,23,0.9773
14604,243,17,0.2491
14605,243,17,0.6287
14740,244,132,0.8380
14741,244,132,0.9850
14742,244,132,0.9757
14743,244,132,0.8060
14744,244,132,0.8134
13590,241,23,0.7698
14155,242,23,0.2709
14156,242,23,0.5133
14157,242,23,0.9264
14158,242,23,0.9747
14159,242,23,0.9851
14160,242,23,0.9986
14161,242,23,0.9989
14162,242,23,0.9988
14163,242,23,0.9968
14164,242,23,0.9976
14606,243,17,0.9229
14607,243,17,0.9770
14608,243,17,0.8977
14609,243,17,0.5735
14610,243,17,0.9737
14611,243,17,0.8994
14612,243,17,0.9491
14613,243,17,0.7544
14614,243,17,0.9922
14615,243,17,0.9927
14745,244,132,0.9828
14746,244,132,0.9914
14747,244,132,0.9805
14748,244,132,0.8974
14749,244,132,0.9932
14750,244,132,0.9709
14751,244,132,0.9926
14752,244,132,0.9907
14753,244,132,0.9263
14754,244,132,0.9370
13591,241,23,0.0550
13592,241,23,0.7026
13593,241,23,0.8880
13594,241,23,0.9752
13595,241,23,0.9916
13596,241,23,0.9954
13597,241,23,0.9985
13598,241,23,0.9971
13599,241,23,0.9977
13600,241,23,0.9990
14165,242,23,0.2024
14166,242,23,0.7803
14167,242,23,0.9726
14168,242,23,0.9183
14169,242,23,0.9886
14170,242,23,0.9969
14171,242,23,0.9963
14172,242,23,0.9964
14173,242,23,0.9967
14174,242,23,0.9990
14616,243,17,0.4899
14617,243,17,0.9396
14618,243,17,0.9507
14619,243,17,0.6396
14620,243,17,0.8095
14621,243,17,0.8827
14622,243,17,0.2363
14623,243,17,0.9724
14624,243,17,0.9542
14625,243,17,0.9267
14755,244,23,0.9880
14756,244,23,0.0151
13601,241,23,0.8201
13602,241,23,0.7379
13603,241,23,0.8264
13604,241,23,0.7196
13605,241,23,0.7986
13606,241,23,0.9660
13607,241,23,0.1077
13608,241,23,0.9250
13609,241,23,0.1908
13610,241,23,0.1355
14175,242,23,0.3409
14176,242,23,0.2470
14177,242,23,0.1807
14178,242,23,0.4374
14179,242,23,0.1471
14180,242,23,0.9006
14181,242,23,0.9949
14182,242,23,0.9868
14183,242,23,0.9982
14184,242,23,0.7712
14626,243,17,0.8786
14627,243,17,0.9654
14628,243,17,0.5569
14629,243,17,0.9300
14630,243,17,0.8546
14631,243,17,0.5674
14632,243,17,0.2415
14633,243,17,0.5677
14634,243,17,0.9428
14635,243,17,0.9734
14757,244,23,0.9448
14758,244,23,0.6123
14759,244,23,0.8742
14760,244,23,0.0489
14761,244,23,0.9878
14762,244,23,0.6591
14763,244,23,0.5522
14764,244,23,0.0340
14765,244,23,0.9069
14766,244,23,0.3923
13611,241,23,0.5929
13612,241,23,0.8827
13613,241,23,0.5299
13614,241,23,0.9321
13615,241,23,0.5519
13616,241,23,0.9821
13617,241,23,0.9980
13618,241,23,0.9934
13619,241,23,0.9987
13620,241,23,0.9992
14185,242,23,0.9235
14186,242,23,0.2206
14187,242,23,0.4046
14188,242,23,0.8993
14189,242,23,0.9901
14190,242,23,0.9938
14191,242,23,0.9960
14192,242,23,0.9883
14193,242,23,0.9977
14194,242,23,0.9971
14636,243,17,0.3009
14637,243,17,0.8385
14767,244,23,0.5925
14768,244,23,0.5946
14769,244,23,0.9625
14770,244,23,0.6834
14771,244,23,0.3410
14772,244,23,0.2357
13621,241,23,0.3600
13622,241,23,0.6227
13623,241,23,0.6614
13624,241,23,0.9664
13625,241,23,0.5165
13626,241,23,0.8974
13627,241,23,0.9720
13628,241,23,0.9410
13629,241,23,0.2833
13630,241,23,0.1749
14195,242,23,0.6327
14196,242,23,0.9568
14197,242,23,0.6194
14198,242,23,0.6105
14199,242,23,0.5232
14200,242,23,0.9402
14201,242,23,0.6283
14202,242,23,0.6685
14203,242,23,0.1023
14204,242,23,0.9234
14638,243,17,0.6994
14639,243,17,0.4428
14640,243,17,0.3953
14641,243,17,0.3010
14642,243,17,0.3902
14643,243,17,0.9951
14644,243,17,0.9991
14645,243,17,0.9984
14646,243,17,0.9964
14647,243,17,0.9983
14773,244,23,0.4908
14774,244,23,0.3510
14775,244,23,0.2902
14776,244,23,0.7558
14777,244,23,0.0215
13631,241,23,0.0376
13632,241,23,0.9449
13633,241,23,0.9056
13634,241,23,0.9254
13635,241,23,0.6227
13636,241,23,0.9309
13637,241,23,0.9857
13638,241,23,0.9497
13639,241,23,0.9657
14205,242,107,0.6727
14206,242,107,0.9875
14207,242,107,0.9877
14208,242,107,0.9440
14209,242,107,0.9665
14210,242,107,0.9946
14211,242,107,0.9947
14212,242,107,0.9888
14213,242,107,0.4185
14648,243,17,0.3574
14649,243,17,0.3875
14650,243,17,0.6205
14651,243,17,0.9538
14652,243,17,0.9785
14653,243,17,0.9794
14654,243,17,0.9887
14655,243,17,0.9949
14656,243,17,0.9953
14657,243,17,0.9797
14778,244,23,0.9062
14779,244,23,0.9435
14780,244,23,0.9789
14781,244,23,0.8360
14782,244,23,0.1303
14783,244,23,0.9251
14784,244,23,0.9055
14785,244,23,0.2956
13640,241,107,0.9788
13641,241,107,0.6017
13642,241,107,0.9891
13643,241,107,0.9939
13644,241,107,0.9769
13645,241,107,0.9676
13646,241,107,0.5000
13647,241,107,0.9058
13648,241,107,0.9921
13649,241,107,0.9940
14214,242,43,0.9656
14215,242,43,0.9685
14216,242,43,0.5038
14217,242,43,0.9465
14218,242,43,0.5434
14219,242,43,0.7370
14220,242,43,0.9856
14221,242,43,0.9947
14222,242,43,0.9128
14658,243,17,0.2526
14659,243,17,0.5654
14660,243,17,0.8126
14786,244,23,0.7608
14787,244,23,0.1666
14788,244,23,0.6300
13650,241,43,0.7964
13651,241,43,0.1818
13652,241,43,0.9524
13653,241,43,0.9890
13654,241,43,0.9757
13655,241,43,0.9792
13656,241,43,0.7848
13657,241,43,0.9347
13658,241,43,0.9488
13659,241,43,0.9566
14223,242,17,0.3259
14224,242,17,0.7103
14225,242,17,0.9485
14226,242,17,0.5372
14227,242,17,0.9465
14228,242,17,0.9117
14229,242,17,0.8490
14230,242,17,0.9731
14231,242,17,0.9942
14232,242,17,0.9951
14661,243,17,0.7547
14662,243,17,0.3509
14663,243,17,0.8753
14664,243,17,0.9693
14665,243,17,0.0140
14789,244,23,0.9768
14790,244,23,0.2244
14791,244,23,0.5862
13660,241,43,0.9823
13661,241,43,0.7801
13662,241,43,0.7997
13663,241,43,0.9713
13664,241,43,0.9907
13665,241,43,0.9938
13666,241,43,0.9946
13667,241,43,0.1322
13668,241,43,0.7942
13669,241,43,0.8731
14233,242,17,0.9314
14234,242,17,0.9623
14235,242,17,0.9670
14236,242,17,0.5043
14237,242,17,0.0349
14238,242,17,0.3146
14239,242,17,0.9768
14240,242,17,0.1443
14241,242,17,0.8012
14242,242,17,0.5821
14666,243,17,0.9163
14667,243,17,0.1558
14668,243,17,0.6431
14792,244,23,0.9779
14793,244,23,0.9725
14794,244,23,0.4655
14795,244,23,0.5364
13670,241,17,0.9481
13671,241,17,0.9802
13672,241,17,0.7510
13673,241,17,0.6219
13674,241,17,0.9272
13675,241,17,0.2294
13676,241,17,0.7200
13677,241,17,0.9293
13678,241,17,0.8062
13679,241,17,0.9465
14243,242,17,0.3287
14244,242,17,0.9760
14245,242,17,0.9951
14246,242,17,0.9841
14247,242,17,0.0140
14248,242,17,0.7970
14249,242,17,0.5929
14250,242,17,0.8309
14251,242,17,0.9957
14252,242,17,0.9962
14669,243,17,0.9809
14670,243,17,0.9786
14671,243,17,0.9879
14672,243,17,0.9498
14673,243,17,0.9771
14674,243,17,0.9922
14675,243,17,0.9895
14676,243,17,0.7443
14677,243,17,0.9852
14796,244,23,0.7412
14797,244,23,0.7707
13680,241,17,0.8606
13681,241,17,0.4564
13682,241,17,0.5758
13683,241,17,0.5204
13684,241,17,0.9935
13685,241,17,0.9575
13686,241,17,0.9925
13687,241,17,0.2935
13688,241,17,0.9108
13689,241,17,0.8839
14253,242,17,0.8847
14254,242,17,0.9661
14255,242,17,0.9833
14256,242,17,0.8025
14257,242,17,0.6798
14258,242,17,0.1778
14259,242,17,0.7733
14260,242,17,0.6688
14261,242,17,0.3964
14262,242,17,0.9920
14678,243,93,0.9195
14679,243,93,0.6585
14680,243,93,0.9481
14681,243,93,0.9505
14682,243,93,0.9943
14683,243,93,0.5975
14684,243,93,0.9782
14685,243,93,0.5446
14686,243,93,0.9945
14687,243,93,0.9714
14798,244,23,0.8482
14799,244,23,0.9672
14800,244,23,0.8709
14801,244,23,0.9685
14802,244,23,0.9964
14803,244,23,0.4476
14804,244,23,0.9617
14805,244,23,0.7702
14806,244,23,0.3757
14807,244,23,0.1848
13690,241,93,0.6775
13691,241,93,0.6858
13692,241,93,0.9201
13693,241,93,0.2269
13694,241,93,0.0362
13695,241,93,0.0596
13696,241,93,0.3560
13697,241,93,0.8811
13698,241,93,0.9681
13699,241,93,0.9871
14263,242,17,0.7901
14264,242,17,0.9892
14265,242,17,0.0357
14266,242,17,0.7027
14267,242,17,0.9467
14268,242,17,0.9699
14269,242,17,0.9453
14270,242,17,0.9964
14271,242,17,0.9940
14272,242,17,0.9958
14808,244,23,0.9581
14809,244,23,0.2100
14810,244,23,0.8690
14811,244,23,0.9790
14812,244,23,0.6923
13700,241,93,0.2765
13701,241,93,0.9002
13702,241,93,0.5309
13703,241,93,0.6601
13704,241,93,0.9049
13705,241,93,0.8041
13706,241,93,0.9879
13707,241,93,0.9393
13708,241,93,0.2512
13709,241,93,0.5848
14273,242,17,0.8154
14274,242,17,0.8957
14275,242,17,0.3243
14276,242,17,0.9848
14277,242,17,0.9871
14278,242,17,0.9966
14279,242,17,0.9817
14280,242,17,0.9938
14281,242,17,0.9975
14282,242,17,0.9986
14813,244,23,0.9738
14814,244,23,0.4941
14815,244,23,0.9408
14816,244,23,0.4284
14817,244,23,0.5196
14818,244,23,0.1673
13710,241,93,0.9048
13711,241,93,0.7589
13712,241,93,0.9593
13713,241,93,0.7628
13714,241,93,0.9622
13715,241,93,0.4920
13716,241,93,0.8385
13717,241,93,0.9535
13718,241,93,0.1359
13719,241,93,0.8849
14283,242,17,0.6607
14284,242,17,0.0977
14285,242,17,0.7711
14286,242,17,0.8309
14287,242,17,0.8881
14288,242,17,0.7559
14289,242,17,0.9952
14290,242,17,0.9988
14291,242,17,0.9984
14292,242,17,0.9984
14819,244,23,0.5259
14820,244,23,0.3159
14821,244,23,0.9579
14822,244,23,0.7114
14293,242,17,0.8797
14294,242,17,0.2499
14295,242,17,0.4565
14296,242,17,0.8986
14297,242,17,0.9979
14298,242,17,0.9963
14299,242,17,0.9990
14300,242,17,0.9988
14301,242,17,0.9950
14302,242,17,0.9935
14823,244,23,0.9592
14824,244,23,0.1287
14825,244,23,0.8866
14303,242,17,0.3119
14304,242,17,0.6739
14305,242,17,0.3263
14306,242,17,0.9586
14307,242,17,0.9942
14308,242,17,0.9899
14309,242,17,0.9344
14310,242,17,0.9927
14311,242,17,0.9982
14312,242,17,0.9970
14826,244,23,0.9312
14827,244,23,0.9596
14828,244,23,0.9709
14829,244,23,0.5786
14830,244,23,0.0683
14313,242,17,0.9332
14314,242,17,0.9879
14315,242,17,0.5409
14316,242,17,0.8660
14317,242,17,0.9439
14318,242,17,0.6883
14319,242,17,0.9689
14320,242,17,0.0900
14321,242,17,0.3905
14322,242,17,0.7848
14831,244,23,0.3548
14832,244,23,0.0262
14833,244,23,0.0850
14834,244,23,0.5200
14835,244,23,0.9702
14836,244,23,0.9876
14837,244,23,0.4661
14323,242,17,0.7689
14324,242,17,0.6269
14325,242,17,0.7562
14326,242,17,0.9610
14327,242,17,0.9938
14328,242,17,0.9957
14329,242,17,0.9967
14330,242,17,0.9943
14331,242,17,0.9982
14332,242,17,0.9957
14838,244,23,0.4015
14839,244,23,0.9563
14840,244,23,0.7981
14841,244,23,0.6824
14842,244,23,0.3492
14843,244,23,0.8025
14333,242,17,0.8023
14334,242,17,0.1874
14335,242,17,0.7555
14336,242,17,0.0352
14337,242,17,0.1174
14338,242,17,0.8188
14339,242,17,0.8774
14340,242,17,0.8996
14341,242,17,0.9733
14342,242,17,0.0710
14844,244,23,0.6511
14845,244,23,0.8420
14343,242,17,0.8200
14344,242,17,0.9749
14345,242,17,0.8414
14346,242,17,0.9373
14347,242,17,0.5927
14348,242,17,0.7646
14349,242,17,0.9822
14350,242,17,0.9984
14351,242,17,0.9991
14352,242,17,0.9981
14846,244,23,0.9581
14847,244,23,0.9703
14848,244,23,0.4942
14353,242,17,0.8039
14354,242,17,0.5787
14355,242,17,0.2257
14356,242,17,0.6605
14357,242,17,0.9740
14358,242,17,0.9789
14359,242,17,0.0460
14360,242,17,0.8928
14361,242,17,0.9911
14362,242,17,0.9939
14849,244,23,0.9137
14850,244,23,0.7230
14363,242,17,0.2809
14364,242,17,0.9194
14365,242,17,0.9820
14366,242,17,0.6749
14367,242,17,0.7024
14368,242,17,0.9200
14369,242,17,0.9686
14370,242,17,0.3492
14371,242,17,0.9742
14372,242,17,0.5100
14851,244,23,0.4051
14852,244,23,0.4053
14853,244,23,0.8787
14854,244,23,0.9877
14855,244,23,0.9909
14856,244,23,0.9899
14857,244,23,0.1805
14858,244,23,0.7920
14373,242,17,0.8826
14374,242,17,0.3084
14375,242,17,0.9408
14376,242,17,0.9268
14377,242,17,0.9036
14378,242,17,0.7421
14379,242,17,0.4707
14380,242,17,0.9398
14381,242,17,0.9960
14382,242,17,0.9952
14859,244,23,0.8109
14860,244,23,0.0236
14861,244,23,0.5380
14862,244,23,0.4988
14383,242,17,0.7831
14384,242,17,0.9758
14385,242,17,0.2264
14386,242,17,0.9054
14387,242,17,0.9650
14388,242,17,0.9954
14389,242,17,0.9993
14390,242,17,0.9990
14391,242,17,0.9985
14392,242,17,0.9974
14863,244,23,0.2352
14864,244,23,0.3500
14393,242,17,0.9248
14394,242,17,0.5300
14395,242,17,0.9215
14396,242,17,0.2348
14397,242,17,0.6752
14398,242,17,0.9757
14399,242,17,0.9302
14400,242,17,0.9172
14401,242,17,0.9555
14402,242,17,0.9207
14865,244,23,0.8505
14866,244,23,0.8098
14867,244,23,0.9138
14868,244,23,0.9773
14869,244,23,0.9176
14870,244,23,0.7254
14871,244,23,0.2330
14403,242,17,0.4007
14404,242,17,0.2283
14405,242,17,0.9742
14406,242,17,0.9949
14407,242,17,0.9994
14408,242,17,0.9976
14409,242,17,0.9961
14410,242,17,0.9992
14411,242,17,0.9905
14412,242,17,0.9994
14872,244,23,0.5100
14873,244,23,0.9306
14874,244,23,0.7705
14875,244,23,0.9793
14876,244,23,0.9846
14877,244,23,0.9768
14878,244,23,0.9225
14879,244,23,0.8328
14880,244,23,0.9810
14881,244,23,0.1468
14413,242,17,0.9175
14414,242,17,0.9740
14415,242,17,0.9778
14416,242,17,0.6331
14417,242,17,0.9899
14418,242,17,0.9189
14419,242,17,0.4196
14420,242,17,0.5566
14421,242,17,0.9485
14422,242,17,0.5460
14882,244,23,0.9506
14883,244,23,0.6121
14423,242,17,0.9444
14424,242,17,0.9775
14425,242,17,0.9188
14426,242,17,0.4697
14427,242,17,0.9736
14428,242,17,0.9744
14429,242,17,0.3576
14430,242,17,0.9887
14431,242,17,0.9946
14884,244,23,0.7708
14885,244,23,0.6462
14886,244,23,0.1964
14887,244,23,0.8857
14888,244,23,0.6859
14889,244,23,0.9587
14890,244,23,0.8380
14891,244,23,0.9583
14892,244,23,0.9833
14893,244,23,0.9757
14432,242,93,0.7291
14433,242,93,0.5378
14434,242,93,0.9662
14435,242,93,0.8613
14436,242,93,0.7905
14437,242,93,0.0730
14438,242,93,0.9878
14439,242,93,0.9982
14440,242,93,0.9964
14441,242,93,0.9967
14894,244,23,0.3872
14895,244,23,0.4908
14896,244,23,0.9863
14897,244,23,0.9910
14898,244,23,0.9291
14899,244,23,0.9991
14900,244,23,0.9989
14901,244,23,0.9975
14902,244,23,0.9926
14903,244,23,0.9973
14442,242,93,0.7409
14443,242,93,0.9179
14444,242,93,0.9321
14445,242,93,0.7976
14446,242,93,0.9776
14447,242,93,0.0791
14448,242,93,0.9154
14449,242,93,0.9407
14450,242,93,0.9717
14451,242,93,0.5870
14904,244,23,0.9063
14905,244,23,0.8190
14906,244,23,0.4510
14452,242,23,0.9255
14453,242,23,0.9490
14907,244,23,0.2909
14908,244,23,0.4973
14909,244,23,0.1968
14910,244,23,0.6143
14911,244,23,0.5651
14912,244,23,0.9704
14913,244,23,0.9786
14914,244,23,0.9949
14915,244,23,0.7565
14916,244,23,0.4331
14917,244,23,0.9877
14918,244,23,0.9253
14919,244,23,0.4057
14920,244,23,0.5407
14921,244,23,0.4955
14922,244,23,0.0342
14923,244,23,0.3178
14924,244,23,0.3641
14925,244,23,0.9256
14926,244,23,0.8699
14927,244,23,0.9883
14928,244,23,0.9631
14929,244,23,0.8948
14930,244,23,0.6861
14931,244,23,0.4933
14932,244,23,0.4722
14933,244,23,0.7666
14934,244,23,0.9019
14935,244,23,0.1140
14936,244,23,0.1520
14937,244,23,0.8513
14938,244,23,0.9500
14939,244,23,0.0911
14940,244,23,0.8508
14941,244,23,0.0584
14942,244,23,0.1013
14943,244,23,0.1826
14944,244,23,0.2301
14945,244,23,0.4830
14946,244,23,0.8557
14947,244,23,0.3081
14948,244,23,0.5978
14949,244,23,0.5635
14950,244,23,0.1893
14951,244,23,0.2668
14952,244,23,0.8128
14953,244,23,0.3694
14954,244,23,0.4056
14955,244,23,0.8800
14956,244,23,0.6238
14957,244,23,0.7260
14958,244,23,0.8864
14959,244,23,0.3775
14960,244,23,0.4058
14961,244,23,0.3089
14962,244,23,0.1971
14963,244,23,0.7354
14964,244,23,0.9115
14965,244,23,0.7058
14966,244,23,0.8861
14967,244,23,0.9914
14968,244,23,0.0111
14969,244,23,0.6668
14970,244,23,0.8527
14971,244,23,0.8249
14972,244,23,0.9637
14973,244,23,0.9628
14974,244,23,0.8416
14975,244,23,0.0844
14976,244,23,0.9944
14977,244,23,0.0781
14978,244,23,0.3567
14979,244,23,0.5781
14980,244,23,0.2506
14981,244,23,0.0769
14982,244,23,0.9663
14983,244,23,0.9755
14984,244,23,0.5787
14985,244,23,0.8203
14986,244,23,0.4467
14987,244,23,0.8171
14988,244,23,0.8305
14989,244,23,0.8480
14990,244,23,0.7268
14991,244,23,0.8853
14992,244,23,0.6658
14993,244,23,0.2270
14994,244,23,0.4176
14995,244,23,0.7509
14996,244,23,0.9711
14997,244,23,0.1626
14998,244,23,0.5855
14999,244,23,0.5255
15000,244,23,0.7742
15001,244,23,0.9635
15002,244,23,0.7201
15003,244,23,0.9664
15004,244,23,0.9581
15005,244,23,0.7465
15006,244,23,0.4376
15007,244,23,0.8246
15008,244,23,0.9521
15009,244,23,0.9943
15010,244,23,0.9820
15011,244,23,0.0206
15012,244,23,0.9758
15013,244,23,0.9513
15014,244,23,0.9040
15015,244,23,0.6896
15016,244,23,0.9336
15017,244,23,0.5003
15018,244,23,0.2946
15019,244,23,0.7809
15020,244,23,0.8783
15021,244,23,0.7751
15022,244,23,0.9793
15023,244,23,0.7264
15024,244,23,0.4043
15025,244,23,0.9750
15026,244,23,0.8803
15027,244,23,0.7650
15028,244,23,0.6498
15029,244,23,0.3036
15030,244,23,0.2151
15031,244,23,0.8802
15032,244,23,0.9082
15033,244,23,0.2451
15034,244,23,0.8664
15035,244,23,0.9763
15036,244,23,0.9679
15037,244,23,0.9662
15038,244,23,0.9894
15039,244,23,0.9837
15040,244,23,0.6937
15041,244,23,0.7613
15042,244,23,0.6679
15043,244,23,0.1256
15044,244,23,0.8468
15045,244,23,0.5019
15046,244,23,0.2413
15047,244,23,0.6401
15048,244,23,0.8988
15049,244,23,0.9182
15050,244,23,0.9895
15051,244,23,0.9863
15052,244,23,0.7602
15053,244,23,0.8945
15054,244,23,0.6473
15055,244,23,0.9789
15056,244,23,0.9832
15057,244,23,0.3285
15058,244,107,0.9871
15059,244,107,0.9936
15060,244,107,0.0747
15061,244,107,0.8281
15062,244,107,0.9365
15063,244,107,0.9742
15064,244,107,0.9821
15065,244,107,0.9935
15066,244,107,0.9845
15067,244,107,0.9978
15068,244,43,0.7205
15069,244,43,0.7747
15070,244,43,0.2528
15071,244,43,0.7737
15072,244,43,0.9244
15073,244,43,0.9125
15074,244,43,0.9953
15075,244,43,0.7501
15076,244,43,0.5931
15077,244,43,0.0552
15078,244,23,0.1175
15079,244,43,0.9244
15080,244,43,0.9649
15081,244,43,0.1683
15082,244,43,0.9153
15083,244,43,0.9486
15084,244,43,0.6652
15085,244,43,0.0613
15086,244,43,0.9779
15087,244,43,0.5782
15088,244,43,0.9773
15089,244,43,0.5656
15090,244,43,0.7705
15091,244,43,0.9638
15092,244,43,0.9262
15093,244,43,0.8206
15094,244,43,0.9885
15095,244,43,0.2844
15096,244,43,0.5237
15097,244,43,0.8880
15098,244,43,0.9665
15099,244,43,0.9506
15100,244,43,0.5611
15101,244,43,0.8566
15102,244,43,0.5372
15103,244,43,0.3198
15104,244,43,0.5827
15105,244,43,0.8219
15106,244,43,0.6735
15107,244,43,0.2138
15108,244,43,0.5155
15109,244,43,0.9640
15110,244,43,0.9674
15111,244,43,0.9835
15112,244,43,0.0105
15113,244,43,0.3227
15114,244,43,0.8670
15115,244,43,0.9049
15116,244,43,0.9405
15117,244,43,0.9525
15118,244,43,0.9717
15119,244,17,0.9525
15120,244,17,0.9822
15121,244,17,0.4183
15122,244,17,0.1564
15123,244,17,0.5527
15124,244,17,0.0391
15125,244,17,0.9660
15126,244,17,0.7332
15127,244,17,0.9110
15128,244,17,0.9753
15129,244,17,0.7879
15130,244,17,0.2443
15131,244,17,0.4229
15132,244,17,0.4792
15133,244,17,0.7943
15134,244,17,0.3202
15135,244,17,0.5899
15136,244,17,0.4900
15137,244,17,0.2927
15138,244,17,0.9379
15139,244,17,0.6357
15140,244,17,0.6077
15141,244,17,0.2206
15142,244,17,0.7722
15143,244,17,0.3843
15144,244,17,0.9674
15145,244,17,0.9674
15146,244,17,0.5371
15147,244,17,0.7440
15148,244,17,0.6907
15149,244,17,0.8130
15150,244,17,0.5905
15151,244,17,0.0440
15152,244,17,0.8102
15153,244,17,0.9119
15154,244,93,0.3662
15155,244,93,0.6594
15156,244,93,0.8928
15157,244,93,0.8228
15158,244,93,0.3341
15159,244,93,0.8702
15160,244,93,0.2388
15161,244,93,0.9517
15162,244,93,0.2223
15163,244,93,0.9196
15164,244,93,0.8597
15165,244,93,0.8176
15166,244,132,0.8466
15167,244,132,0.5284
15168,244,132,0.9774
15169,244,132,0.9879
15170,244,132,0.9854
15171,244,132,0.7041
15172,244,132,0.6822
15173,244,132,0.9418
15174,244,132,0.0464
15175,244,132,0.1724
15176,244,132,0.8953
15177,244,132,0.0332
15178,244,132,0.9756
15179,244,132,0.9528
15180,244,132,0.9929
15181,244,132,0.9779
15182,244,132,0.9876
15183,244,132,0.9924
15184,244,132,0.9772
15185,244,132,0.9855
15186,244,23,0.3083
15187,244,23,0.8244
15188,244,23,0.8891
15189,244,23,0.9724
15190,244,23,0.1782
15191,244,23,0.8898
15192,244,23,0.7081
15193,244,23,0.1556
15194,244,23,0.9749
15195,244,23,0.9883
15196,244,23,0.6521
15197,244,23,0.2604
15198,244,23,0.7676
15199,244,23,0.9244
15200,244,23,0.9600
15201,244,23,0.8548
15202,244,23,0.3327
15203,244,23,0.9794
15204,244,23,0.9836
15205,244,23,0.9668
15206,244,23,0.7919
15207,244,23,0.5636
15208,244,23,0.0652
15209,244,23,0.9714
15210,244,23,0.9739
15211,244,23,0.9910
15212,244,23,0.6493
15213,244,23,0.7249
15214,244,23,0.5786
15215,244,23,0.9249
15216,244,23,0.0186
15217,244,23,0.7377
15218,244,23,0.4208
15219,244,23,0.8402
15220,244,23,0.9811
15221,244,23,0.9916
15222,244,23,0.2404
15223,244,23,0.3052
15224,244,23,0.9577
15225,244,23,0.9894
15226,244,23,0.0457
15227,244,23,0.9614
15228,244,23,0.9866
15229,244,23,0.9902
15230,244,23,0.7307
15231,244,23,0.9018
15232,244,23,0.9777
15233,244,23,0.9314
15234,244,23,0.8703
15235,244,23,0.8614
15236,244,23,0.9540
15237,244,23,0.9663
15238,244,23,0.0660
15239,244,23,0.6990
15240,244,23,0.5488
15241,244,23,0.7805
15242,244,23,0.6212
15243,244,23,0.9866
15244,244,23,0.3937
15245,244,23,0.8800
15246,244,23,0.8073
15247,244,23,0.9790
15248,244,23,0.5934
15249,244,23,0.6943
15250,244,23,0.5211
15251,244,23,0.9307
15252,244,23,0.3914
15253,244,23,0.5350
15254,244,23,0.8957
15255,244,23,0.9494
15256,244,23,0.0287
15257,244,23,0.5705
15258,244,23,0.8870
15259,244,23,0.5789
15260,244,23,0.9333
15261,244,23,0.8330
15262,244,23,0.9875
15263,244,23,0.5558
15264,244,23,0.9681
15265,244,23,0.9226
15266,244,23,0.8353
15267,244,23,0.9877
15268,244,23,0.0155
15269,244,23,0.2460
15270,244,23,0.9462
15271,244,23,0.9859
15272,244,23,0.8769
15273,244,23,0.9499
15274,244,23,0.9798
15275,244,23,0.9817
15276,244,23,0.1864
15277,244,23,0.9666
15278,244,23,0.9792
15279,244,23,0.9509
15280,244,23,0.9645
15281,244,23,0.8549
15282,244,23,0.0278
15283,244,23,0.6641
15284,244,23,0.7746
15285,244,23,0.8870
15286,244,23,0.3942
15287,244,23,0.6484
15288,244,23,0.9313
15289,244,23,0.9619
15290,244,23,0.9776
15291,244,23,0.9990
15292,244,23,0.9962
15293,244,23,0.9975
15294,244,23,0.9902
15295,244,23,0.9322
15296,244,23,0.7587
15297,244,23,0.2940
15298,244,23,0.8580
15299,244,23,0.6440
15300,244,23,0.3456
15301,244,23,0.3967
15302,244,23,0.0739
15303,244,23,0.0137
15304,244,23,0.8194
15305,244,23,0.4902
15306,244,23,0.1658
15307,244,23,0.8847
15308,244,23,0.3128
15309,244,23,0.9796
15310,244,23,0.9933
15311,244,23,0.8423
15312,244,23,0.9427
15313,244,23,0.4339
15314,244,23,0.5085
15315,244,23,0.1881
15316,244,23,0.8990
15317,244,23,0.0174
15318,244,23,0.8977
15319,244,23,0.9806
15320,244,23,0.9833
15321,244,23,0.9732
15322,244,23,0.9937
15323,244,23,0.8030
15324,244,23,0.8708
15325,244,23,0.5955
15326,244,23,0.1759
15327,244,23,0.3962
15328,244,23,0.9471
15329,244,23,0.9849
15330,244,23,0.0066
15331,244,23,0.9109
15332,244,23,0.2825
15333,244,23,0.4486
15334,244,23,0.0169
15335,244,23,0.6469
15336,244,23,0.9746
15337,244,23,0.4241
15338,244,23,0.0964
15339,244,23,0.8700
15340,244,23,0.8232
15341,244,23,0.1044
15342,244,23,0.7506
15343,244,23,0.9053
15344,244,23,0.4844
15345,244,23,0.0166
15346,244,23,0.5110
15347,244,23,0.3340
15348,244,23,0.0342
15349,244,23,0.5541
15350,244,23,0.5318
15351,244,23,0.8511
15352,244,23,0.0304
15353,244,23,0.0523
15354,244,23,0.9743
15355,244,23,0.7685
15356,244,23,0.9452
15357,244,23,0.8026
15358,244,23,0.8847
15359,244,23,0.9075
15360,244,23,0.9748
15361,244,23,0.5923
15362,244,23,0.9801
15363,244,23,0.0794
15364,244,23,0.8344
15365,244,23,0.8315
15366,244,23,0.9979
15367,244,23,0.9973
15368,244,23,0.9960
15369,244,23,0.9985
15370,244,23,0.1813
15371,244,23,0.9330
15372,244,23,0.8507
15373,244,23,0.4690
15374,244,23,0.9937
15375,244,23,0.9040
15376,244,23,0.9456
15377,244,23,0.7839
15378,244,23,0.7766
15379,244,23,0.2734
15380,244,23,0.0785
15381,244,23,0.4259
15382,244,23,0.5897
15383,244,23,0.7541
15384,244,23,0.6857
15385,244,23,0.9646
15386,244,23,0.9377
15387,244,23,0.8738
15388,244,23,0.8683
15389,244,23,0.1103
15390,244,23,0.7926
15391,244,23,0.6902
15392,244,23,0.0419
15393,244,23,0.1594
15394,244,23,0.4245
15395,244,23,0.3114
15396,244,23,0.6544
15397,244,23,0.9722
15398,244,23,0.5868
15399,244,23,0.9610
15400,244,23,0.7551
15401,244,23,0.1471
15402,244,23,0.3861
15403,244,23,0.4447
15404,244,23,0.3490
15405,244,23,0.2353
15406,244,23,0.6697
15407,244,23,0.7649
15408,244,23,0.9088
15409,244,23,0.7555
15410,244,23,0.9696
15411,244,23,0.8045
15412,244,23,0.9828
15413,244,23,0.4271
15414,244,23,0.4854
15415,244,23,0.3718
15416,244,23,0.7190
15417,244,23,0.8087
15418,244,23,0.8065
15419,244,23,0.8416
15420,244,23,0.7530
15421,244,23,0.9534
15422,244,23,0.9967
15423,244,23,0.9978
15424,244,23,0.9938
15425,244,23,0.9946
15426,244,23,0.9927
15427,244,23,0.7886
15428,244,23,0.4904
15429,244,23,0.8475
15430,244,23,0.3690
15431,244,23,0.8898
15432,244,23,0.9431
15433,244,23,0.1801
15434,244,23,0.3057
15435,244,23,0.6730
15436,244,23,0.9477
15437,244,23,0.8108
15438,244,23,0.4117
15439,244,23,0.6315
15440,244,23,0.8807
15441,244,23,0.8283
15442,244,23,0.9600
15443,244,23,0.5715
15444,244,23,0.0426
15445,244,23,0.2801
15446,244,23,0.9301
15447,244,23,0.0807
15448,244,23,0.9919
15449,244,23,0.9531
15450,244,23,0.0650
15451,244,23,0.0799
15452,244,23,0.9442
15453,244,23,0.9231
15454,244,23,0.9871
15455,244,23,0.0279
15456,244,23,0.8270
15457,244,23,0.6730
15458,244,23,0.9969
15459,244,23,0.9972
15460,244,23,0.9981
15461,244,23,0.9923
15462,244,23,0.9752
15463,244,23,0.9925
15464,244,23,0.9990
15465,244,23,0.9937
15466,244,23,0.5471
15467,244,23,0.8453
15468,244,23,0.2877
15469,244,23,0.8082
15470,244,23,0.3032
15471,244,23,0.6998
15472,244,23,0.3371
15473,244,23,0.1102
15474,244,23,0.8086
15475,244,23,0.5002
15476,244,23,0.9499
15477,244,23,0.4929
15478,244,23,0.9328
15479,244,23,0.0518
15480,244,23,0.9476
15481,244,23,0.2090
15482,244,23,0.8280
15483,244,23,0.8806
15484,244,23,0.0860
15485,244,23,0.5548
15486,244,23,0.3234
15487,244,23,0.1838
15488,244,23,0.4200
15489,244,23,0.8131
15490,244,23,0.0370
15491,244,23,0.1193
15492,244,23,0.9017
15493,244,23,0.6923
15494,244,23,0.9365
15495,244,23,0.4550
15496,244,23,0.3809
15497,244,23,0.5623
15498,244,23,0.4317
15499,244,23,0.6259
15500,244,23,0.4495
15501,244,23,0.7750
15502,244,23,0.8987
15503,244,23,0.9869
15504,244,23,0.9882
15505,244,23,0.9949
15506,244,23,0.7932
15507,244,23,0.6155
15508,244,23,0.6624
15509,244,23,0.5204
15510,244,23,0.7086
15511,244,23,0.8135
15512,244,23,0.7873
15513,244,23,0.9864
15514,244,23,0.9957
15515,244,23,0.9947
15516,244,23,0.8807
15517,244,23,0.8817
15518,244,23,0.9521
15519,244,23,0.8075
15520,244,23,0.9582
15521,244,23,0.9413
15522,244,23,0.9817
15523,244,23,0.9955
15524,244,23,0.9795
15525,244,23,0.9792
15526,244,23,0.2828
15527,244,23,0.4699
15528,244,23,0.6992
15529,244,23,0.2259
15530,244,23,0.5259
15531,244,23,0.0877
15532,244,23,0.0808
15533,244,23,0.9609
15534,244,23,0.9490
15535,244,23,0.5796
15536,244,23,0.8643
15537,244,23,0.4699
15538,244,23,0.7895
15539,244,23,0.2467
15540,244,23,0.5774
15541,244,23,0.4191
15542,244,23,0.5561
15543,244,23,0.8723
15544,244,23,0.9917
15545,244,23,0.9600
15546,244,23,0.1480
15547,244,23,0.4168
15548,244,23,0.6682
15549,244,23,0.0945
15550,244,23,0.8812
15551,244,23,0.2563
15552,244,23,0.5659
15553,244,23,0.7126
15554,244,23,0.1882
15555,244,23,0.8651
15556,244,23,0.0360
15557,244,23,0.1543
15558,244,23,0.1969
15559,244,23,0.6830
15560,244,23,0.8986
15561,244,23,0.3775
15562,244,23,0.4081
15563,244,23,0.3541
15564,244,23,0.3242
15565,244,23,0.4049
15566,244,23,0.8157
15567,244,23,0.1362
15568,244,23,0.5273
15569,244,23,0.9645
15570,244,23,0.9900
15571,244,23,0.9748
15572,244,23,0.9606
15573,244,23,0.9825
15574,244,23,0.9898
15575,244,23,0.9855
15576,244,23,0.7533
15577,244,23,0.3187
15578,244,23,0.1050
15579,244,132,0.9893
15580,244,132,0.2532
15581,244,132,0.7366
15582,244,132,0.9209
15583,244,132,0.9766
15584,244,132,0.9337
15585,244,132,0.9897
15586,244,132,0.9970
15587,244,132,0.9970
15588,244,132,0.9984
15589,244,23,0.9569
15590,244,23,0.9785
15591,244,23,0.2409
15592,244,23,0.5456
15593,244,23,0.9875
15594,244,23,0.9959
15595,244,23,0.6061
15596,244,23,0.0229
15597,244,23,0.9009
15598,244,23,0.9933
15599,244,23,0.7762
15600,244,23,0.9823
15601,244,23,0.8384
15602,244,23,0.9632
15603,244,23,0.9923
15604,244,23,0.9623
15605,244,23,0.8447
15606,244,23,0.8026
15607,244,23,0.9747
15608,244,23,0.8725
15609,244,23,0.2692
15610,244,23,0.6534
15611,244,23,0.8429
15612,244,23,0.9788
15613,244,23,0.1568
15614,244,23,0.9462
15615,244,93,0.9000
15616,244,93,0.9613
15617,244,93,0.8969
15618,244,93,0.9849
15619,244,93,0.9754
15620,244,93,0.9771
15621,244,93,0.9722
15622,244,93,0.9896
15623,244,93,0.9823
15624,244,93,0.9677
